0.9999870 0.0014618 0.0006449 0.0005770 -0.0011244 0.0010089 0.0008338 0.0018455 -0.0007718 -0.0000840 -0.0000620 -0.0001577 -0.0021489 -0.0008331 -0.0003015 -0.0009637 -0.0019948 -0.0012359 0.0016807 -0.0006599 0.0012635 0.0004349 -0.0014529 -0.0006337 -0.0011968 0.0001337 0.0004557 -0.0009700 0.0013328 0.0179638 -0.0012191 0.0015619 -0.0003184 -0.0010273 0.0024318 0.0003868 -0.0012872 -0.0001460 -0.0026696 0.0002651 0.0019124 0.0008450 -0.0009680 -0.0005948 0.0004542 0.0002015 0.0000215 0.0019896 0.0004004 0.0016872 -0.0027971 -0.0018513 -0.0012710 -0.0008288 -0.0024064 0.0004312 -0.0017545 0.0013255 0.0003240 -0.0008593 0.0021396 -0.0014284 0.0003897 -0.0004941 0.0023499 0.0013893 -0.0000553 0.0007640 0.0012923 -0.0011156 -0.0008200 0.0003079 -0.0011064 -0.0023871 -0.0021525 -0.0010914 0.0005807 0.0008431 0.0011079 0.0004670 0.0007832 -0.0006767 -0.0007778 -0.0011734 0.0000424 -0.0001327 0.0001898 0.0000198 -0.0008163 -0.0006896 0.0018283 -0.0005798 -0.0012605 0.0015573 0.0010081 -0.0006176 0.0008059 -0.0010336 0.0007790 0.0009395 -0.0003849 -0.0014334 -0.0018350 -0.0014651 0.0008820 -0.0005794 0.0010244 0.0021501 0.0006513 0.0000504 -0.0002227 0.0005806 0.0001924 0.0021850 -0.0011892 -0.0014522 0.0001889 0.0020033 -0.0014789 0.0001458 0.0022377 -0.0008840 -0.0006664 0.0019007 0.0000839 -0.0017060 0.0012811 -0.0011155 -0.0010878 -0.0003773 0.0000064 0.0008297 -0.0027087 -0.0054132 -0.0053209 -0.0046214 -0.0052785 -0.0041452 -0.0026945 -0.0046447 -0.0055308 -0.0046230 -0.0054574 -0.0071163 -0.0050728 -0.0066601 -0.0061432 -0.0064256 -0.0051685 -0.0048719 -0.0036801 -0.0057681 -0.0053314 -0.0061987 -0.0058964 -0.0071328 -0.0059028 -0.0081097 -0.0055885
0.0014618 1.0030199 0.0016093 -0.0013793 -0.0020549 0.0015397 -0.0030084 0.0009923 0.0004977 0.0001985 -0.0038093 -0.0014812 -0.0000362 -0.0006427 0.0003891 -0.0022097 0.0002465 -0.0011182 0.0019317 0.0003008 0.0006420 -0.0006008 -0.0000912 -0.0019032 0.0009515 -0.0013846 -0.0008188 -0.0001731 0.0027517 0.0005921 -0.0014568 0.0016992 0.0024166 0.0021375 0.0035694 0.0024929 -0.0009134 0.0007289 -0.0008175 -0.0002469 0.0015014 0.0003770 -0.0015730 0.0011401 -0.0033875 0.0019719 -0.0003357 0.0019766 -0.0010375 0.0029360 -0.0013216 -0.0013748 -0.0000264 -0.0019867 -0.0001500 -0.0011406 0.0008403 -0.0003798 0.0009653 0.0006545 0.0005958 -0.0017512 -0.0026263 0.0000844 0.0004670 0.0008800 0.0007940 0.0006050 0.0024160 -0.0005165 -0.0005055 -0.0033611 -0.0001966 0.0001553 -0.0029681 -0.0025462 0.0007472 0.0006845 -0.0005730 -0.0002967 -0.0016478 -0.0019048 -0.0001278 -0.0015557 0.0011122 -0.0023486 0.0002812 0.0011086 -0.0022350 0.0006004 0.0016501 -0.0007216 -0.0002483 0.0009263 0.0008028 0.0003686 0.0017732 -0.0006411 0.0006459 0.0010719 -0.0006874 -0.0009665 -0.0011699 0.0009373 -0.0005903 0.0001096 0.0007812 0.0039172 0.0012626 0.0010550 0.0013236 0.0007793 0.0008047 0.0032026 -0.0005207 0.0005529 0.0002958 0.0022438 0.0004629 0.0000450 0.0008746 0.0022635 0.0020440 0.0008382 0.0011114 0.0014588 0.0003844 -0.0008235 -0.0009807 0.0005057 0.0000474 -0.0000934 -0.0039389 -0.0083980 -0.0072382 -0.0053453 -0.0089874 -0.0065768 -0.0039682 -0.0074463 -0.0074892 -0.0058869 -0.0084712 -0.0093316 -0.0059777 -0.0067155 -0.0091398 -0.0081584 -0.0074316 -0.0067189 -0.0054537 -0.0070575 -0.0063847 -0.0085291 -0.0087339 -0.0094739 -0.0069593 -0.0082532 -0.0083095
0.0006449 0.0016093 0.9999233 -0.0010485 -0.0030569 0.0022232 -0.0012062 0.0015724 -0.0012762 0.0021293 -0.0000086 0.0000499 -0.0015373 0.0003823 0.0007874 -0.0015167 0.0004422 -0.0008329 0.0021055 -0.0009730 0.0002380 -0.0003189 -0.0003769 -0.0002332 -0.0004470 -0.0007042 0.0024167 -0.0021189 0.0005737 0.0012981 -0.0009466 0.0032123 0.0000866 0.0004443 0.0018140 -0.0008234 0.0011657 0.0005171 -0.0015065 -0.0004344 0.0001917 -0.0003954 0.0004449 0.0001764 -0.0010220 -0.0002180 -0.0011484 0.0010837 -0.0009079 0.0010158 -0.0009611 -0.0003562 0.0006417 0.0011397 0.0014254 0.0014443 -0.0006133 0.0003655 0.0021917 0.0000838 -0.0005565 -0.0019423 0.0020617 -0.0010081 0.0022053 0.0020443 -0.0008185 0.0018796 0.0010727 0.0017021 0.0004968 -0.0015648 -0.0000639 0.0004679 -0.0005320 -0.0009867 0.0016878 0.0003400 -0.0002727 0.0007160 0.0006271 -0.0008263 0.0001882 -0.0003869 0.0001585 -0.0002685 0.0001700 -0.0007284 0.0001552 0.0020642 0.0026172 -0.0009542 -0.0009878 0.0017001 0.0016136 0.0003165 0.0007439 -0.0004816 0.0005298 0.0018248 -0.0002193 -0.0016189 0.0007322 -0.0015594 -0.0000081 0.0011071 0.0008765 0.0011051 0.0006592 -0.0007088 -0.0018644 0.0003772 -0.0014556 0.0007217 0.0000173 0.0001395 0.0012358 0.0021959 -0.0024630 -0.0000533 0.0002826 0.0011775 0.0011413 0.0004918 0.0013586 -0.0001379 -0.0001814 -0.0011449 -0.0007531 -0.0011354 -0.0007581 0.0020880 -0.0040783 -0.0080535 -0.0085843 -0.0051967 -0.0062541 -0.0053792 -0.0039897 -0.0069106 -0.0088962 -0.0056313 -0.0073417 -0.0090730 -0.0057343 -0.0049498 -0.0073347 -0.0058222 -0.0055066 -0.0042059 -0.0045426 -0.0076790 -0.0070137 -0.0080516 -0.0077081 -0.0092208 -0.0068588 -0.0062158 -0.0068490
0.0005770 -0.0013793 -0.0010485 1.0048141 0.0019469 -0.0019401 -0.0020186 -0.0000928 0.0004249 -0.0011663 0.0072289 -0.0019340 -0.0005589 -0.0000601 0.0000779 0.0012389 -0.0008969 0.0020834 0.0005297 0.0002130 -0.0006343 0.0006200 0.0021410 -0.0016450 -0.0003155 0.0004489 -0.0003006 0.0004310 -0.0027811 0.0003835 0.0018861 0.0007164 -0.0005238 0.0011996 -0.0005622 -0.0007575 0.0014445 0.0001518 0.0010009 -0.0005938 -0.0012658 -0.0024524 -0.0012388 0.0002436 0.0026135 0.0021445 0.0014457 -0.0000762 0.0030203 -0.0023705 0.0009669 0.0011724 -0.0015890 0.0012662 -0.0036845 0.0004892 -0.0025543 -0.0011209 0.0003913 -0.0014796 0.0001591 0.0039086 0.0028088 -0.0002776 -0.0005475 -0.0009796 -0.0000491 0.0001408 0.0001513 -0.0018611 -0.0000539 -0.0018829 0.0013265 0.0014683 -0.0005635 0.0008953 0.0009388 -0.0013131 -0.0004310 -0.0021743 -0.0013660 0.0002517 0.0004979 -0.0017024 0.0000021 -0.0014758 -0.0009878 0.0004037 0.0008922 -0.0011979 0.0008167 0.0005214 -0.0010539 0.0000269 -0.0017301 -0.0010744 -0.0004053 0.0012013 -0.0015396 -0.0005123 0.0012896 0.0001470 0.0016081 0.0008382 0.0034970 -0.0025834 0.0006050 -0.0001282 0.0017724 -0.0002387 -0.0000105 -0.0003369 0.0010430 -0.0030415 0.0011794 0.0000633 0.0057667 -0.0021854 -0.0004113 0.0016325 -0.0011378 0.0003237 0.0008365 -0.0001929 0.0003807 -0.0014548 -0.0001901 0.0003611 0.0007061 -0.0005926 -0.0015979 0.0001507 -0.0058797 -0.0084068 -0.0075499 -0.0069105 -0.0065162 -0.0068260 -0.0057837 -0.0075010 -0.0076303 -0.0086201 -0.0085458 -0.0134170 -0.0048956 -0.0107150 -0.0089337 -0.0084088 -0.0067956 -0.0082751 -0.0075151 -0.0087294 -0.0077660 -0.0120626 -0.0087622 -0.0135300 -0.0060537 -0.0126920 -0.0082337
-0.0011244 -0.0020549 -0.0030569 0.0019469 1.0088588 -0.0026209 -0.0033098 -0.0006844 -0.0017886 -0.0011046 0.0064242 -0.0002442 -0.0025074 0.0000749 -0.0014334 -0.0022420 -0.0022797 -0.0052935 -0.0014003 -0.0015164 -0.0008276 0.0085065 -0.0014814 -0.0016293 0.0012757 -0.0019069 -0.0022549 -0.0017746 -0.0021476 0.0003698 -0.0019179 -0.0018956 0.0010511 -0.0010696 -0.0034690 -0.0009665 -0.0025629 -0.0028941 -0.0010598 0.0007117 -0.0008174 -0.0019671 -0.0012230 -0.0010102 -0.0004988 0.0003835 0.0011291 -0.0018121 0.0046019 -0.0013259 -0.0028686 0.0050150 -0.0023631 0.0006058 -0.0015365 -0.0015197 -0.0006864 -0.0018085 -0.0024096 -0.0040247 0.0036955 0.0126733 -0.0022192 0.0122963 -0.0011005 -0.0027920 0.0004582 0.0002010 -0.0009883 0.0012107 0.0003585 -0.0037660 -0.0001345 0.0012245 0.0000846 0.0003708 -0.0005325 0.0000106 0.0004412 0.0004092 -0.0005443 -0.0002958 -0.0023593 -0.0021365 -0.0011073 -0.0010875 -0.0008670 0.0051701 -0.0016137 0.0023904 0.0001878 -0.0001365 0.0065274 -0.0014320 -0.0023019 -0.0031152 -0.0032631 -0.0014742 -0.0000023 -0.0025009 0.0006259 0.0044669 -0.0014996 -0.0007485 -0.0029244 0.0016686 -0.0008105 -0.0025850 -0.0016266 -0.0031082 -0.0025575 -0.0009580 0.0022605 -0.0011415 -0.0031172 -0.0038923 0.0055477 -0.0015892 -0.0008916 -0.0007755 -0.0019155 -0.0008041 -0.0036482 -0.0030011 -0.0017044 -0.0017242 -0.0029110 0.0107619 -0.0018653 -0.0006698 0.0040092 -0.0020127 -0.0057977 -0.0066795 -0.0043897 -0.0049531 -0.0058142 -0.0048532 -0.0056591 -0.0059581 -0.0044559 -0.0043292 -0.0078494 -0.0072967 -0.0044531 -0.0061350 -0.0079114 -0.0066893 -0.0045579 -0.0053628 -0.0035354 -0.0041668 -0.0037095 -0.0062385 -0.0081652 -0.0074746 -0.0050619 -0.0071902 -0.0074065
0.0010089 0.0015397 0.0022232 -0.0019401 -0.0026209 1.0036105 -0.0014266 0.0011444 -0.0011782 -0.0009528 -0.0015894 -0.0010518 0.0013156 -0.0013556 -0.0008083 -0.0014507 -0.0014182 0.0004057 0.0008950 -0.0014646 0.0012836 0.0010712 -0.0004001 -0.0011301 0.0001404 -0.0014000 0.0010146 0.0003281 -0.0002048 0.0015100 -0.0028847 0.0008500 0.0029120 0.0003917 0.0000836 -0.0013027 0.0000147 0.0011034 -0.0011976 0.0006727 0.0006597 0.0011001 -0.0003523 -0.0003453 -0.0007713 -0.0009960 -0.0019170 0.0007300 -0.0012577 -0.0002147 -0.0006127 0.0000359 0.0001782 -0.0015810 -0.0011923 -0.0008716 -0.0017821 0.0017227 0.0008893 0.0011024 0.0010824 -0.0023060 -0.0017045 -0.0001367 0.0011585 0.0003791 0.0003368 0.0009117 0.0014014 -0.0012971 -0.0015953 -0.0015816 -0.0023496 -0.0003475 0.0116105 -0.0000788 0.0005037 0.0008223 -0.0018747 0.0009719 -0.0026318 0.0006576 -0.0022052 -0.0011588 -0.0023921 0.0002160 -0.0019555 0.0000226 -0.0015169 0.0000030 0.0027745 -0.0011007 -0.0020651 -0.0001116 0.0007936 -0.0002781 0.0022951 -0.0002258 0.0003581 0.0011015 -0.0014999 0.0000675 -0.0001431 0.0007185 -0.0010066 0.0002833 -0.0006444 0.0020829 -0.0001018 -0.0008205 -0.0007936 -0.0002645 -0.0031244 0.0007441 -0.0012473 -0.0010227 -0.0008482 0.0006751 -0.0020497 -0.0022078 0.0005048 0.0005474 -0.0008397 -0.0001266 0.0005089 -0.0013234 -0.0018087 0.0007762 -0.0008847 -0.0015603 -0.0006358 0.0002768 -0.0036725 -0.0056081 -0.0044572 -0.0038653 -0.0047289 -0.0034984 -0.0036862 -0.0045961 -0.0046809 -0.0040125 -0.0063128 -0.0070018 -0.0034589 -0.0051748 -0.0050144 -0.0059770 -0.0054233 -0.0045681 -0.0040963 -0.0078418 -0.0071568 -0.0060838 -0.0066188 -0.0070260 -0.0043271 -0.0067330 -0.0044059
0.0008338 -0.0030084 -0.0012062 -0.0020186 -0.0033098 -0.0014266 1.0062716 -0.0007331 -0.0027888 -0.0019103 -0.0010449 -0.0000404 -0.0019789 -0.0006622 -0.0013538 0.0007410 -0.0004435 0.0002074 -0.0014461 -0.0007943 0.0000814 -0.0015151 -0.0041076 -0.0008247 -0.0020343 -0.0011171 -0.0006713 0.0007908 -0.0016538 -0.0001645 -0.0021978 0.0009265 -0.0019107 0.0023398 -0.0021228 -0.0027506 0.0007542 0.0021138 0.0002479 0.0001559 0.0006134 0.0005983 -0.0009946 0.0005508 -0.0008158 0.0000239 -0.0021480 -0.0001598 0.0013389 0.0008501 -0.0009602 -0.0020626 -0.0029079 -0.0014308 -0.0009285 -0.0025511 0.0002890 0.0004775 -0.0020816 -0.0007795 -0.0021133 -0.0044173 -0.0013307 -0.0060980 -0.0013211 -0.0004144 -0.0002523 -0.0025681 -0.0031907 0.0014029 0.0012657 0.0928563 -0.0005408 -0.0004733 -0.0001971 0.0015696 -0.0009479 -0.0024620 0.0018277 -0.0012416 -0.0017368 -0.0003684 -0.0004629 -0.0014646 -0.0016567 -0.0000734 -0.0002285 -0.0020146 0.0008162 -0.0012305 -0.0021127 -0.0015343 -0.0015709 -0.0012743 -0.0017496 -0.0003523 -0.0011307 -0.0001109 0.0003584 -0.0020004 -0.0020936 -0.0023371 -0.0012446 -0.0007203 -0.0020183 0.0002730 -0.0001399 -0.0009169 0.0003233 0.0007390 -0.0000244 0.0014421 0.0005725 -0.0009763 -0.0024450 0.0009584 -0.0024937 -0.0006278 0.0002993 -0.0017333 -0.0002976 -0.0014846 -0.0023354 -0.0011941 0.0006070 -0.0013287 -0.0010966 -0.0041319 -0.0043592 -0.0016101 -0.0026524 -0.0035009 -0.0046339 -0.0053828 -0.0048264 -0.0026388 -0.0033450 -0.0039598 -0.0043726 -0.0047328 -0.0049217 -0.0060922 -0.0084432 -0.0094184 -0.0051371 -0.0076818 -0.0081741 -0.0078053 -0.0047207 -0.0044403 -0.0047045 -0.0072334 -0.0063872 -0.0081314 -0.0090191 -0.0094487 -0.0056778 -0.0090344 -0.0076871
0.0018455 0.0009923 0.0015724 -0.0000928 -0.0006844 0.0011444 -0.0007331 0.9942527 -0.0004968 0.0001044 -0.0013793 0.0007133 -0.0000489 -0.0013961 -0.0004626 0.0002292 0.0011903 -0.0013466 0.0006610 -0.0001783 0.0001858 0.0000141 -0.0001088 0.0003703 0.0019839 -0.0010471 0.0022082 0.0000181 0.0003379 0.0029443 -0.0015462 0.0029339 0.0004205 -0.0014393 0.0011527 -0.0001001 -0.0003724 0.0015788 -0.0015353 0.0026856 0.0013098 0.0006869 -0.0008056 -0.0001927 -0.0008366 0.0017961 -0.0014330 0.0023345 -0.0021949 0.0012137 0.0001452 -0.0012692 0.0030116 -0.0007817 0.0001824 0.0003642 -0.0003672 0.0015730 0.0009250 -0.0003569 0.0002962 -0.0013320 -0.0004112 -0.0011433 0.0024582 -0.0000480 0.0001802 0.0010782 0.0022409 0.0006483 0.0007993 -0.0012322 0.0008091 -0.0007357 -0.0019721 0.0007370 0.0032667 0.0001432 -0.0007640 0.0017250 -0.0001324 -0.0004899 0.0000824 -0.0015724 -0.0015718 -0.0003487 0.0010519 0.0011245 0.0012174 -0.0011256 0.0008625 0.0002277 -0.0001842 0.0013777 0.0020675 0.0004141 0.0017491 0.0008192 0.0020368 0.0011210 -0.0028992 -0.0010561 0.0003235 0.0011944 -0.0010259 0.0010256 0.0016729 0.0013680 -0.0012845 -0.0001754 -0.0009581 0.0023159 -0.0006885 0.0006361 0.0006475 -0.0003945 0.0006492 -0.0003375 -0.0008395 0.0014796 0.0035574 0.0010483 0.0007455 0.0008894 0.0020489 0.0003245 0.0006547 -0.0011890 -0.0000494 -0.0012256 -0.0005235 -0.0002877 -0.0052486 -0.0056247 -0.0054565 -0.0045517 -0.0054214 -0.0045394 -0.0052992 -0.0048066 -0.0054590 -0.0049207 -0.0071020 -0.0076499 -0.0047779 -0.0057818 -0.0062029 -0.0069886 -0.0063816 -0.0040680 -0.0045231 -0.0076691 -0.0070433 -0.0066654 -0.0074941 -0.0078415 -0.0054047 -0.0070257 -0.0056136
-0.0007718 0.0004977 -0.0012762 0.0004249 -0.0017886 -0.0011782 -0.0027888 -0.0004968 1.0028753 -0.0008341 -0.0024377 0.0001545 -0.0029475 -0.0000858 0.0000909 0.0019650 0.0011458 0.0010637 -0.0005244 0.0005756 -0.0002928 -0.0022301 0.0019575 0.0003489 -0.0006291 0.0002911 -0.0027268 0.0004222 0.0010550 -0.0001624 0.0016461 0.0002850 -0.0016790 0.0010114 -0.0009077 -0.0003027 0.0018072 -0.0009927 0.0006125 -0.0016737 -0.0000828 0.0017427 0.0012832 -0.0001878 -0.0002120 -0.0014067 0.0013714 0.0005022 -0.0028320 0.0011941 0.0006664 0.0019034 0.0010830 0.0001345 0.0020437 0.0027112 0.0016072 -0.0007890 -0.0003182 -0.0022962 -0.0026743 -0.0030479 -0.0014681 -0.0025400 0.0000861 0.0011466 0.0004667 -0.0019201 0.0002988 0.0018033 0.0002577 -0.0024871 0.0010470 -0.0003394 -0.0009790 0.0012035 -0.0011008 0.0011187 0.0002821 -0.0006535 0.0007148 0.0005605 0.0011855 0.0015750 0.0004338 -0.0006904 0.0009871 -0.0020516 -0.0003972 -0.0006273 0.0022611 -0.0024586 -0.0021143 -0.0007911 0.0019814 -0.0008926 -0.0001653 0.0018725 0.0005542 0.0000035 -0.0019181 -0.0009234 0.0008581 0.0003038 0.0034259 -0.0003592 0.0005383 0.0019356 0.0005796 -0.0022011 0.0005944 -0.0008136 -0.0041536 0.0014131 0.0008107 -0.0007321 -0.0026662 -0.0008669 -0.0001855 -0.0001906 0.0000475 0.0007377 -0.0005697 0.0009541 -0.0001569 0.0008762 0.0005092 -0.0026777 0.0013985 -0.0017666 -0.0016291 -0.0025016 -0.0060589 -0.0080064 -0.0082857 -0.0049893 -0.0051815 -0.0065838 -0.0060783 -0.0069409 -0.0084219 -0.0056325 -0.0097725 -0.0091248 -0.0042816 -0.0071659 -0.0075183 -0.0069503 -0.0061438 -0.0065357 -0.0059707 -0.0074231 -0.0064775 -0.0078970 -0.0099486 -0.0091253 -0.0051592 -0.0085802 -0.0071254
-0.0000840 0.0001985 0.0021293 -0.0011663 -0.0011046 -0.0009528 -0.0019103 0.0001044 -0.0008341 1.0004946 0.0006158 0.0008495 -0.0015248 0.0022153 -0.0021259 -0.0016236 -0.0002127 0.0004277 -0.0020903 0.0004621 -0.0014655 -0.0017181 0.0002243 0.0004424 0.0012260 -0.0002149 -0.0023721 0.0000094 0.0007470 -0.0008646 0.0009374 -0.0008674 -0.0013010 -0.0005248 0.0010445 0.0008045 0.0003127 -0.0006020 0.0023392 0.0003040 -0.0015164 -0.0012803 -0.0010626 0.0031497 0.0014638 -0.0010532 -0.0009621 -0.0006704 -0.0008597 0.0009784 -0.0000193 -0.0038003 -0.0006584 -0.0025107 0.0011904 -0.0003353 0.0012094 0.0006591 -0.0009945 0.0002118 -0.0016739 -0.0030494 0.0022187 0.0007204 -0.0014266 -0.0009926 0.0004379 -0.0003176 0.0005901 0.0022806 0.0009012 -0.0018628 0.0011702 0.0009536 -0.0012678 0.0003369 -0.0012600 0.0001016 0.0000984 -0.0002526 0.0017200 -0.0003826 -0.0002398 -0.0009494 0.0008049 0.0011405 -0.0000116 -0.0022630 0.0021517 0.0005187 0.0002569 0.0026743 0.0009230 -0.0004810 -0.0001129 -0.0012879 0.0003819 -0.0012667 0.0009663 0.0001918 0.0002224 0.0005087 0.0001178 0.0016822 -0.0006681 0.0003028 -0.0003281 -0.0004693 0.0013774 -0.0002645 -0.0003833 -0.0008281 0.0015061 0.0007493 0.0017511 0.0011324 -0.0015816 0.0024791 0.0004724 0.0027082 -0.0000205 0.0016775 0.0039679 0.0011072 0.0005692 -0.0003375 0.0018242 -0.0008420 0.0019293 -0.0011954 -0.0007628 0.0007252 -0.0049311 -0.0064680 -0.0055693 -0.0066745 -0.0056388 -0.0065775 -0.0044079 -0.0054861 -0.0058723 -0.0067554 -0.0095722 -0.0098885 -0.0071840 -0.0079197 -0.0080266 -0.0089684 -0.0071593 -0.0066961 -0.0058466 -0.0090345 -0.0079926 -0.0090963 -0.0097294 -0.0100752 -0.0084374 -0.0093769 -0.0074704
-0.0000620 -0.0038093 -0.0000086 0.0072289 0.0064242 -0.0015894 -0.0010449 -0.0013793 -0.0024377 0.0006158 1.0065080 -0.0011904 -0.0005635 0.0000097 -0.0024280 0.0020520 -0.0015103 -0.0026514 -0.0009441 -0.0034544 -0.0024038 0.0051355 -0.0019395 -0.0016957 0.0017971 -0.0004663 -0.0009063 -0.0032584 -0.0011423 -0.0005692 -0.0025889 -0.0025112 -0.0006309 -0.0012195 -0.0014552 0.0002642 0.0010759 0.0012733 -0.0014276 0.0028905 -0.0010545 0.0022746 -0.0011003 0.0004986 0.0016145 -0.0019211 0.0003615 0.0008612 0.0038381 -0.0010739 -0.0012407 0.0046263 -0.0009315 -0.0018363 -0.0018618 0.0000497 0.0009106 -0.0004127 -0.0002676 0.0008014 0.0018767 0.0139245 0.0001848 0.0111966 -0.0009050 -0.0020844 -0.0014733 0.0003378 0.0011488 0.0016690 -0.0004557 -0.0012165 0.0000762 0.0008208 -0.0004547 0.0003176 -0.0006088 -0.0018442 -0.0008424 -0.0012572 -0.0023094 0.0000740 -0.0037681 -0.0020920 -0.0012804 -0.0019840 -0.0020156 0.0017201 -0.0000478 0.0010518 -0.0015811 -0.0013669 0.0022464 -0.0001379 -0.0022251 -0.0023711 -0.0024706 -0.0003566 -0.0028117 -0.0024996 0.0000611 0.0020757 0.0001760 -0.0006914 -0.0032838 0.0001642 0.0004660 0.0007028 -0.0008471 0.0004010 -0.0034537 -0.0005451 0.0006151 -0.0018064 -0.0001329 -0.0006731 0.0092666 -0.0019258 -0.0016641 0.0001754 -0.0004841 -0.0011490 -0.0020331 -0.0007711 0.0006672 0.0014608 -0.0019657 0.0117517 -0.0007805 -0.0006926 0.0042437 -0.0022801 -0.0030007 -0.0092271 -0.0064764 -0.0068757 -0.0061831 -0.0066608 -0.0030192 -0.0082999 -0.0068374 -0.0067294 -0.0085319 -0.0106923 -0.0052083 -0.0079815 -0.0087654 -0.0093054 -0.0068435 -0.0073117 -0.0056963 -0.0072908 -0.0065547 -0.0090719 -0.0087677 -0.0108423 -0.0059761 -0.0098304 -0.0082312
-0.0001577 -0.0014812 0.0000499 -0.0019340 -0.0002442 -0.0010518 -0.0000404 0.0007133 0.0001545 0.0008495 -0.0011904 0.9979779 0.0007494 0.0017179 -0.0004766 -0.0027753 0.0001482 -0.0010064 -0.0008559 0.0000973 0.0003572 -0.0009734 -0.0015882 0.0914830 0.0010088 -0.0005214 -0.0017274 0.0005158 -0.0004428 0.0004354 -0.0009858 -0.0004568 -0.0022393 0.0011034 -0.0007517 -0.0000848 -0.0012487 -0.0009714 0.0024320 -0.0011504 -0.0022355 -0.0012971 -0.0010888 0.0000318 0.0015831 -0.0015057 0.0002779 -0.0006083 0.0022510 -0.0020755 0.0017491 -0.0019811 -0.0003681 -0.0001178 -0.0015476 -0.0023490 -0.0003310 -0.0011500 -0.0013035 -0.0039628 -0.0021890 -0.0021353 -0.0015747 -0.0017711 -0.0019251 -0.0004514 -0.0007884 -0.0021378 -0.0012672 -0.0022371 0.0015501 -0.0004578 -0.0005417 -0.0002787 -0.0010113 0.0009781 -0.0018554 -0.0007100 -0.0000161 -0.0011527 -0.0000927 -0.0017215 0.0001215 -0.0013648 -0.0022159 -0.0014961 -0.0001654 -0.0000626 -0.0006612 -0.0015732 -0.0010554 0.0019824 -0.0000617 -0.0003622 -0.0021514 -0.0036320 -0.0001327 0.0007774 -0.0011888 0.0012515 -0.0017740 -0.0028476 0.0005337 0.0017903 0.0005798 0.0033552 -0.0003826 0.0007071 0.0011972 0.0016623 0.0005062 0.0007135 -0.0012140 -0.0016038 0.0017300 0.0000060 -0.0020367 -0.0013528 0.0002857 0.0009861 0.0003323 0.0007750 0.0006786 -0.0020946 0.0002467 -0.0020616 -0.0027929 -0.0002836 0.0015229 0.0013901 -0.0009745 0.0009310 -0.0066888 -0.0085944 -0.0081557 -0.0052118 -0.0068282 -0.0077160 -0.0064245 -0.0074074 -0.0081469 -0.0072883 -0.0106745 -0.0112210 -0.0074060 -0.0114094 -0.0088630 -0.0099915 -0.0093986 -0.0097411 -0.0065825 -0.0117222 -0.0103652 -0.0098848 -0.0109787 -0.0114077 -0.0082631 -0.0131898 -0.0081473
-0.0021489 -0.0000362 -0.0015373 -0.0005589 -0.0025074 0.0013156 -0.0019789 -0.0000489 -0.0029475 -0.0015248 -0.0005635 0.0007494 1.0047976 -0.0016458 -0.0001356 0.0004904 -0.0007450 0.0005989 -0.0013384 0.0027818 0.0003500 -0.0018132 0.0009175 0.0016284 -0.0010630 -0.0011133 0.0004616 0.0008916 -0.0018140 -0.0014532 0.0011593 -0.0001353 0.0012860 0.0031522 0.0001401 0.0009641 -0.0032525 0.0018947 -0.0009261 0.0006132 0.0006668 -0.0007125 0.0001010 0.0000201 0.0012875 -0.0001990 0.0001234 0.0006260 -0.0027303 -0.0004751 0.0006202 -0.0023448 0.0007661 0.0031936 0.0010998 0.0002712 -0.0010408 0.0004289 -0.0011153 -0.0009661 -0.0013638 -0.0011992 0.0006806 -0.0016975 -0.0004883 0.0002513 0.0006709 -0.0002297 -0.0009827 -0.0009250 -0.0028744 -0.0019012 -0.0008804 0.0020907 -0.0029085 0.0008391 -0.0003653 0.0004095 0.0015507 -0.0000873 0.0002848 0.0009921 0.0018889 -0.0009970 0.0006059 -0.0025130 0.0002295 -0.0041334 0.0000960 0.0016318 -0.0011172 -0.0006670 0.0017898 0.0007754 0.0002691 -0.0037758 0.0005768 0.0001953 -0.0000843 -0.0021643 -0.0013379 -0.0021452 -0.0003619 -0.0001271 0.0031811 -0.0008951 -0.0002752 0.0007705 0.0002257 0.0013058 0.0033558 0.0012208 -0.0006650 0.0001536 0.0007478 -0.0010370 -0.0013420 -0.0010711 -0.0005205 0.0011951 0.0001264 -0.0028623 0.0020614 -0.0027216 -0.0000017 -0.0002062 0.0009181 -0.0015617 -0.0020427 -0.0000278 -0.0008612 -0.0002267 -0.0039214 -0.0081169 -0.0078472 -0.0068317 -0.0078515 -0.0063626 -0.0041604 -0.0072149 -0.0083272 -0.0063718 -0.0104989 -0.0104103 -0.0053669 -0.0086220 -0.0066999 -0.0100672 -0.0097839 -0.0087005 -0.0067248 -0.0100214 -0.0092377 -0.0090078 -0.0112624 -0.0105334 -0.0058922 -0.0105739 -0.0063670
-0.0008331 -0.0006427 0.0003823 -0.0000601 0.0000749 -0.0013556 -0.0006622 -0.0013961 -0.0000858 0.0022153 0.0000097 0.0017179 -0.0016458 1.0035361 0.0002256 -0.0040042 -0.0024529 0.0005862 -0.0012260 -0.0005975 0.0018371 -0.0005269 0.0013699 0.0025931 -0.0010202 0.0016171 -0.0010204 -0.0027680 -0.0034066 0.0006835 0.0017244 0.0008194 -0.0003105 -0.0002683 -0.0003676 0.0027512 -0.0012877 -0.0031748 0.0012753 0.0012298 -0.0014636 -0.0022383 0.0000543 -0.0003782 0.0003336 -0.0001411 -0.0014323 -0.0009368 -0.0015836 0.0016199 0.0004684 -0.0018019 -0.0008197 -0.0006229 0.0001563 0.0038711 -0.0018460 0.0019304 0.0010516 0.0008787 -0.0011089 -0.0027481 -0.0007807 -0.0034586 0.0012844 0.0030627 0.0004179 -0.0020472 -0.0012473 -0.0012797 0.0002182 -0.0007297 0.0009074 -0.0014306 -0.0011508 0.0030338 0.0010511 0.0006271 -0.0010796 -0.0006938 0.0027617 0.0010773 -0.0001262 0.0052224 0.0015740 0.0058271 0.0030657 -0.0020477 0.0013527 -0.0042448 0.0016596 0.0024447 -0.0021187 0.0013988 0.0013915 0.0010717 -0.0009526 -0.0015473 -0.0011175 0.0036296 -0.0003692 -0.0002789 -0.0023073 0.0007295 -0.0007507 0.0003526 -0.0017392 -0.0002076 0.0031069 0.0042105 -0.0007900 0.0004811 0.0006249 -0.0010402 -0.0006772 0.0021776 -0.0007722 0.0004196 -0.0038002 0.0017218 -0.0017404 0.0030534 -0.0020514 0.0005170 -0.0028121 0.0035033 -0.0004768 -0.0025398 -0.0002759 0.0007908 -0.0022919 0.0021250 -0.0068056 -0.0084647 -0.0068473 -0.0080691 -0.0083484 -0.0059641 -0.0064678 -0.0073345 -0.0071046 -0.0069896 -0.0081173 -0.0112739 -0.0065457 -0.0083626 -0.0092209 -0.0092056 -0.0074331 -0.0071077 -0.0056560 -0.0083435 -0.0077936 -0.0101009 -0.0083026 -0.0114441 -0.0076422 -0.0099938 -0.0087955
-0.0003015 0.0003891 0.0007874 0.0000779 -0.0014334 -0.0008083 -0.0013538 -0.0004626 0.0000909 -0.0021259 -0.0024280 -0.0004766 -0.0001356 0.0002256 1.0037719 -0.0001982 -0.0005117 0.0006638 -0.0004767 0.0007714 -0.0007657 -0.0019985 -0.0002333 0.0001378 -0.0012793 0.0028592 -0.0003481 0.0030070 0.0008405 0.0016247 -0.0006105 -0.0008338 -0.0003252 0.0009795 0.0006804 -0.0007627 -0.0001976 -0.0013130 0.0001198 -0.0014668 -0.0001358 -0.0014107 0.0012044 -0.0008809 -0.0014862 0.0000511 -0.0003166 -0.0012561 -0.0013565 -0.0005251 0.0002970 -0.0023215 0.0014049 0.0005203 0.0001437 0.0004356 -0.0001701 0.0008630 -0.0007068 0.0018479 -0.0021137 -0.0032593 0.0007276 -0.0036032 -0.0012216 0.0006316 -0.0020284 -0.0000992 -0.0023768 -0.0015136 0.0001760 -0.0010582 -0.0016202 -0.0018946 -0.0020368 -0.0008757 -0.0013711 -0.0006313 0.0006452 -0.0013142 0.0019340 0.0021050 0.0000979 -0.0015252 0.0007121 0.0016401 0.0007300 -0.0018250 -0.0002665 0.0006373 0.0003753 0.0002957 -0.0007385 -0.0003849 -0.0009464 0.0021391 0.0013482 -0.0005927 -0.0005455 -0.0007854 -0.0000623 0.0008687 0.0014649 -0.0021219 -0.0026508 0.0002393 -0.0009755 -0.0007409 -0.0005958 0.0017461 0.0008964 0.0003870 -0.0013517 -0.0020178 0.0007103 -0.0004764 -0.0025384 -0.0002214 0.0004125 -0.0020863 0.0009726 0.0008948 0.0000808 -0.0014406 -0.0018704 0.0024873 0.0007445 -0.0024469 0.0004979 0.0025843 -0.0025667 0.0013033 -0.0048382 -0.0089582 -0.0068373 -0.0061838 -0.0072021 -0.0049315 -0.0050855 -0.0080296 -0.0070908 -0.0045868 -0.0075736 -0.0079000 -0.0053962 -0.0074765 -0.0082991 -0.0082809 -0.0077807 -0.0066541 -0.0066156 -0.0092407 -0.0084588 -0.0067970 -0.0079120 -0.0081753 -0.0069088 -0.0094398 -0.0078559
-0.0009637 -0.0022097 -0.0015167 0.0012389 -0.0022420 -0.0014507 0.0007410 0.0002292 0.0019650 -0.0016236 0.0020520 -0.0027753 0.0004904 -0.0040042 -0.0001982 1.0027686 -0.0007724 0.0013557 0.0005231 0.0000122 0.0005121 0.0000520 -0.0014157 -0.0027507 -0.0005206 0.0002463 -0.0001085 0.0018699 -0.0008485 -0.0020710 -0.0014868 -0.0004691 -0.0016690 -0.0005226 -0.0006409 0.0012139 0.0029555 0.0007684 -0.0002720 0.0005139 0.0014040 0.0004905 -0.0002913 0.0017742 -0.0011543 0.0012867 0.0006477 -0.0012501 -0.0014964 0.0008306 -0.0000274 -0.0019988 0.0011035 0.0013915 -0.0016740 0.0023754 0.0026584 -0.0017476 -0.0006221 0.0014061 0.0001368 0.0009275 -0.0007913 -0.0021060 0.0004888 0.0004048 -0.0013533 0.0003407 -0.0014576 -0.0015960 -0.0000496 0.0009404 -0.0001323 0.0009712 -0.0001854 0.0019496 -0.0007482 0.0001535 0.0009336 -0.0009151 -0.0002710 0.0009422 0.0001625 0.0018201 -0.0001231 0.0010259 -0.0007650 -0.0023115 0.0008564 0.0010135 -0.0004122 0.0007557 0.0026887 0.0000129 -0.0005051 -0.0015210 0.0016912 0.0004663 -0.0008769 -0.0013065 -0.0006568 -0.0016989 -0.0015109 0.0005892 0.0006995 0.0002569 -0.0009666 -0.0018876 0.0026202 0.0014874 -0.0015413 0.0015590 -0.0002767 -0.0013615 -0.0010694 0.0033175 -0.0004581 -0.0012032 0.0009213 -0.0011884 -0.0000406 0.0015645 0.0016742 0.0013757 0.0000611 0.0023457 0.0002529 -0.0033556 0.0031776 -0.0001164 -0.0010713 -0.0017975 -0.0050380 -0.0096754 -0.0075653 -0.0051033 -0.0090127 -0.0059445 -0.0049694 -0.0084655 -0.0077268 -0.0074192 -0.0101832 -0.0116744 -0.0067894 -0.0042499 -0.0094316 -0.0086054 -0.0071466 -0.0069000 -0.0084320 -0.0109995 -0.0099243 -0.0102018 -0.0106239 -0.0119760 -0.0078693 -0.0056578 -0.0089971
-0.0019948 0.0002465 0.0004422 -0.0008969 -0.0022797 -0.0014182 -0.0004435 0.0011903 0.0011458 -0.0002127 -0.0015103 0.0001482 -0.0007450 -0.0024529 -0.0005117 -0.0007724 1.0023639 0.0028380 0.0054283 -0.0006147 0.0004892 -0.0024298 0.0013176 -0.0010713 -0.0024267 0.0007020 -0.0007059 0.0006987 -0.0015619 -0.0025776 -0.0004871 -0.0001982 -0.0003465 0.0047866 0.0008930 0.0003197 0.0004912 0.0006351 -0.0020085 -0.0016005 -0.0001236 -0.0005485 0.0032574 0.0001891 0.0042855 -0.0018540 -0.0020919 -0.0003170 -0.0020105 -0.0007143 0.0020678 -0.0018589 0.0015732 0.0053631 0.0012383 -0.0009309 -0.0032793 0.0008841 -0.0013038 0.0020150 -0.0016457 -0.0020650 0.0029994 -0.0033432 -0.0009314 0.0008188 0.0012384 -0.0026031 -0.0011328 0.0012578 0.0001176 -0.0004121 -0.0010672 0.0009187 -0.0004363 -0.0001055 -0.0016972 0.0023401 0.0000687 -0.0010701 -0.0013842 -0.0013505 0.0000385 0.0003753 0.0006428 0.0005006 -0.0009828 -0.0030387 0.0028746 0.0004332 0.0017053 0.0018153 -0.0024270 -0.0004532 -0.0020399 0.0000693 0.0002476 0.0001806 -0.0003711 -0.0017976 -0.0007957 -0.0005164 -0.0002507 0.0023330 0.0013951 -0.0005467 0.0008559 0.0004145 0.0006064 0.0001475 0.0008307 -0.0002120 0.0003398 -0.0001592 -0.0001112 -0.0003271 -0.0009577 0.0007708 -0.0016430 0.0013973 0.0015062 0.0005227 0.0052365 0.0020691 0.0019987 0.0017895 0.0033587 -0.0025277 0.0024849 0.0015074 -0.0020542 -0.0009163 -0.0059785 -0.0111548 -0.0096657 -0.0049578 -0.0081565 -0.0065691 -0.0059525 -0.0098391 -0.0099374 -0.0078326 -0.0087149 -0.0123816 -0.0072432 -0.0096619 -0.0103635 -0.0098617 -0.0097640 -0.0066023 -0.0058818 -0.0092471 -0.0081581 -0.0107315 -0.0091421 -0.0126087 -0.0084932 -0.0116941 -0.0099412
-0.0012359 -0.0011182 -0.0008329 0.0020834 -0.0052935 0.0004057 0.0002074 -0.0013466 0.0010637 0.0004277 -0.0026514 -0.0010064 0.0005989 0.0005862 0.0006638 0.0013557 0.0028380 1.0060774 -0.0018789 0.0001003 -0.0010696 -0.0033653 -0.0003567 -0.0012913 -0.0007050 0.0022904 -0.0009832 -0.0007017 -0.0009625 -0.0014436 0.0013005 -0.0003387 -0.0002039 -0.0010297 -0.0011445 -0.0004686 0.0016134 -0.0010330 0.0000972 -0.0021507 -0.0001040 -0.0000584 0.0008093 -0.0006469 -0.0003542 -0.0008547 -0.0001605 -0.0000085 -0.0007894 -0.0011990 -0.0003492 -0.0002840 0.0024742 -0.0010034 0.0023640 0.0000479 0.0001138 -0.0003780 0.0002959 -0.0000497 -0.0030852 -0.0032617 -0.0022540 -0.0036636 -0.0006014 -0.0005804 0.0003106 -0.0001776 0.0021960 -0.0019991 -0.0008057 0.0004195 0.0007975 -0.0007524 -0.0012941 0.0006997 -0.0004422 0.0013539 0.0024214 -0.0011344 0.0017740 0.0018527 -0.0006406 0.0011544 0.0010247 -0.0017847 -0.0034307 -0.0007100 -0.0011751 0.0005301 0.0021552 0.0156558 -0.0011458 0.0002500 -0.0021454 -0.0001910 -0.0015704 -0.0018800 -0.0024214 -0.0010618 0.0001988 -0.0011876 0.0004898 0.0009148 0.0027153 0.0002562 -0.0019744 -0.0003228 -0.0013536 0.0017343 -0.0001733 0.0008872 -0.0008755 -0.0013680 -0.0002169 0.0005592 -0.0031504 0.0016815 0.0029426 0.0023109 -0.0014471 -0.0019162 0.0007642 0.0006310 0.0001853 -0.0018576 0.0010198 -0.0039053 -0.0001021 -0.0000491 -0.0018504 0.0004742 -0.0057611 -0.0090847 -0.0064020 -0.0060194 -0.0055313 -0.0053410 -0.0057212 -0.0080372 -0.0064651 -0.0062006 -0.0100869 -0.0097760 -0.0076861 -0.0084696 -0.0086053 -0.0088826 -0.0072948 -0.0052254 -0.0028758 -0.0081482 -0.0075266 -0.0088020 -0.0103706 -0.0099071 -0.0091239 -0.0099802 -0.0081362
0.0016807 0.0019317 0.0021055 0.0005297 -0.0014003 0.0008950 -0.0014461 0.0006610 -0.0005244 -0.0020903 -0.0009441 -0.0008559 -0.0013384 -0.0012260 -0.0004767 0.0005231 0.0054283 -0.0018789 1.0010953 0.0009148 0.0013028 -0.0002000 0.0002032 -0.0005382 0.0007494 -0.0007271 0.0015996 -0.0012242 0.0017446 0.0018814 -0.0013749 0.0022499 0.0011514 -0.0000997 0.0054911 0.0034488 -0.0005278 -0.0007691 -0.0005601 -0.0021216 0.0011579 -0.0013562 -0.0004356 -0.0004400 -0.0022025 0.0020505 -0.0006255 0.0017120 -0.0021270 0.0016077 -0.0006012 -0.0019031 -0.0006880 -0.0004419 -0.0025002 0.0002605 -0.0023179 -0.0002681 0.0004783 0.0020817 0.0020548 -0.0024511 -0.0012448 0.0003901 0.0012720 0.0027262 -0.0019627 0.0028686 0.0010323 -0.0013776 -0.0012096 -0.0019706 -0.0006136 -0.0000069 -0.0010040 -0.0000609 0.0028163 -0.0017011 -0.0017554 0.0009446 -0.0006375 -0.0025661 0.0002923 -0.0004237 -0.0025182 0.0012442 -0.0002019 -0.0011882 0.0012632 0.0012403 0.0025157 -0.0007834 -0.0037310 0.0000448 0.0016791 0.0003029 -0.0001241 0.0005989 0.0032003 0.0020229 -0.0018086 -0.0021080 -0.0011708 -0.0004561 0.0007361 0.0002530 0.0008968 0.0009550 -0.0008032 -0.0012528 -0.0001325 0.0006533 -0.0011551 0.0010065 0.0008060 -0.0008932 0.0015832 0.0009819 0.0018497 0.0016028 0.0029665 0.0030316 -0.0013211 0.0012327 0.0015286 -0.0028319 -0.0006137 -0.0012814 -0.0020765 -0.0006265 -0.0012926 -0.0020265 -0.0054430 -0.0072734 -0.0069453 -0.0050220 -0.0057163 -0.0049985 -0.0055700 -0.0063052 -0.0071715 -0.0060672 -0.0075666 -0.0096133 -0.0067643 -0.0056782 -0.0078967 -0.0076987 -0.0077811 -0.0055468 -0.0060873 -0.0073577 -0.0070590 -0.0085249 -0.0081205 -0.0098874 -0.0078383 -0.0068605 -0.0071046
-0.0006599 0.0003008 -0.0009730 0.0002130 -0.0015164 -0.0014646 -0.0007943 -0.0001783 0.0005756 0.0004621 -0.0034544 0.0000973 0.0027818 -0.0005975 0.0007714 0.0000122 -0.0006147 0.0001003 0.0009148 0.9994124 -0.0003315 -0.0033896 -0.0020971 0.0009756 0.0010364 0.0011834 0.0031445 0.0024116 0.0000704 -0.0008206 0.0006470 0.0013653 -0.0013174 -0.0021325 0.0006397 0.0003466 -0.0006281 -0.0008529 -0.0022850 0.0022817 0.0018743 -0.0000530 0.0015805 0.0007313 0.0008822 -0.0007651 0.0004434 0.0001736 0.0007635 0.0000030 -0.0011481 -0.0011496 0.0006472 -0.0000084 0.0014868 0.0010236 -0.0005934 -0.0020334 -0.0010926 0.0015075 -0.0005426 -0.0000852 -0.0006154 -0.0016379 -0.0017711 -0.0010412 0.0015368 0.0000297 0.0002121 0.0000944 0.0007114 -0.0006876 -0.0002108 -0.0016135 -0.0011299 0.0017814 -0.0019521 -0.0008065 0.0005142 -0.0015115 0.0007469 -0.0026189 0.0002139 0.0004158 0.0004477 -0.0011337 -0.0000205 -0.0004638 -0.0000589 0.0001781 0.0008870 0.0001708 -0.0002038 -0.0005460 0.0002461 0.0008987 -0.0007897 -0.0000323 0.0012100 -0.0004452 -0.0011655 -0.0019470 0.0023230 0.0009195 -0.0005571 0.0008765 -0.0011459 -0.0000678 0.0007826 -0.0013167 0.0007587 0.0009179 0.0000996 -0.0006289 0.0005619 -0.0010845 -0.0024967 -0.0001847 0.0001212 -0.0009438 0.0002685 0.0012272 -0.0012747 0.0011084 0.0020789 -0.0020739 0.0002064 -0.0025001 0.0001895 -0.0000575 -0.0016452 0.0002420 -0.0047985 -0.0064724 -0.0061152 -0.0055186 -0.0064338 -0.0044819 -0.0047257 -0.0056957 -0.0063175 -0.0061647 -0.0081927 -0.0098369 -0.0056956 -0.0079713 -0.0092720 -0.0057076 -0.0071426 -0.0065466 -0.0061051 -0.0086153 -0.0075958 -0.0088114 -0.0087483 -0.0101848 -0.0066092 -0.0094639 -0.0087108
0.0012635 0.0006420 0.0002380 -0.0006343 -0.0008276 0.0012836 0.0000814 0.0001858 -0.0002928 -0.0014655 -0.0024038 0.0003572 0.0003500 0.0018371 -0.0007657 0.0005121 0.0004892 -0.0010696 0.0013028 -0.0003315 1.0011635 -0.0002887 -0.0010702 0.0006085 -0.0000729 0.0002043 0.0032660 -0.0013864 0.0010246 -0.0003556 -0.0013077 0.0009195 0.0015553 -0.0007246 0.0011311 0.0004930 0.0013435 -0.0004995 -0.0002313 -0.0008912 0.0019980 0.0009939 0.0000391 0.0004758 -0.0006630 0.0018390 -0.0004850 0.0015510 -0.0012011 0.0021131 0.0014965 -0.0014545 -0.0012134 -0.0019644 0.0009058 -0.0001026 -0.0012527 0.0003229 0.0008552 0.0001727 0.0007321 -0.0021205 -0.0022685 -0.0009034 0.0017101 0.0026996 0.0004125 0.0015999 0.0008413 -0.0005553 0.0014750 0.0001874 -0.0005985 -0.0005113 -0.0013511 0.0007164 -0.0011522 0.0003309 0.0007550 0.0005133 -0.0010294 0.0001634 0.0007056 -0.0003164 -0.0017188 0.0008260 0.0005358 0.0003197 0.0007758 0.0001013 0.0000707 0.0017322 -0.0008695 0.0020174 0.0017461 -0.0009260 0.0020498 -0.0006919 0.0012609 0.0014080 -0.0009739 -0.0015536 -0.0002431 0.0005940 -0.0013232 0.0001212 0.0012442 0.0012630 -0.0007581 0.0016190 -0.0000976 0.0006219 -0.0000376 0.0013964 -0.0011140 0.0013991 0.0006080 0.0002736 -0.0011497 -0.0009603 0.0014876 0.0012558 -0.0006616 0.0010757 0.0014925 -0.0001362 -0.0021611 -0.0004678 -0.0015841 -0.0003527 -0.0003091 -0.0014104 -0.0049994 -0.0042516 -0.0058104 -0.0037412 -0.0043364 -0.0038812 -0.0048744 -0.0035842 -0.0059715 -0.0036178 -0.0049749 -0.0062744 -0.0049349 -0.0058149 -0.0055402 -0.0054627 -0.0049648 -0.0047281 -0.0045061 -0.0063137 -0.0056372 -0.0053558 -0.0052356 -0.0061896 -0.0058939 -0.0072967 -0.0050756
0.0004349 -0.0006008 -0.0003189 0.0006200 0.0085065 0.0010712 -0.0015151 0.0000141 -0.0022301 -0.0017181 0.0051355 -0.0009734 -0.0018132 -0.0005269 -0.0019985 0.0000520 -0.0024298 -0.0033653 -0.0002000 -0.0033896 -0.0002887 1.0066782 -0.0016563 -0.0014185 0.0020305 -0.0022584 -0.0007414 -0.0019230 -0.0004734 0.0006044 -0.0017300 0.0008313 0.0010860 -0.0025853 -0.0001285 -0.0016481 -0.0026681 -0.0017346 -0.0007904 0.0003263 0.0024325 0.0038511 -0.0003978 -0.0005004 -0.0015035 -0.0007959 0.0005904 0.0002552 0.0027860 -0.0009696 -0.0011524 0.0091620 -0.0027642 -0.0009230 -0.0022363 -0.0023025 -0.0020102 0.0039043 -0.0003012 0.0012930 0.0028370 0.0036169 -0.0002445 0.0114441 0.0000102 -0.0005951 0.0004668 0.0010465 -0.0000485 -0.0013979 -0.0003957 -0.0022638 -0.0003083 -0.0008628 -0.0007659 -0.0021647 0.0018917 -0.0017673 -0.0022157 0.0027630 -0.0026982 -0.0005151 -0.0035731 -0.0040202 -0.0032645 -0.0018684 0.0006693 0.0082606 -0.0019254 -0.0002469 -0.0004978 -0.0012489 0.0089774 0.0003644 0.0008043 -0.0011554 0.0003332 0.0005109 0.0012638 -0.0004245 -0.0029320 0.0060990 -0.0018243 -0.0003591 -0.0034613 -0.0019676 -0.0004806 0.0008565 -0.0026064 -0.0020986 -0.0005226 0.0008191 -0.0004032 0.0001391 -0.0031380 -0.0021554 0.0046806 -0.0011792 -0.0015345 -0.0013399 -0.0012580 -0.0006738 -0.0008346 -0.0016697 -0.0003754 -0.0001386 -0.0011774 0.0038377 -0.0015366 -0.0027424 0.0032031 -0.0018974 -0.0028850 -0.0063670 -0.0051430 -0.0031103 -0.0047371 -0.0041278 -0.0027104 -0.0054995 -0.0055295 -0.0056600 -0.0075641 -0.0092719 -0.0041340 -0.0061738 -0.0069063 -0.0078272 -0.0073206 -0.0068874 -0.0036579 -0.0073178 -0.0067796 -0.0076374 -0.0079772 -0.0092708 -0.0048208 -0.0073858 -0.0060871
-0.0014529 -0.0000912 -0.0003769 0.0021410 -0.0014814 -0.0004001 -0.0041076 -0.0001088 0.0019575 0.0002243 -0.0019395 -0.0015882 0.0009175 0.0013699 -0.0002333 -0.0014157 0.0013176 -0.0003567 0.0002032 -0.0020971 -0.0010702 -0.0016563 1.0066721 -0.0008042 -0.0012862 -0.0017583 0.0000437 0.0013636 0.0014837 -0.0014049 0.0016766 -0.0004373 -0.0011062 0.0001845 -0.0015537 0.0008693 -0.0012304 -0.0020493 0.0000925 0.0013801 -0.0004608 0.0004253 -0.0006918 -0.0009374 -0.0019441 -0.0011789 -0.0008562 -0.0020521 0.0004412 -0.0005740 0.0018911 0.0008217 -0.0015363 -0.0012334 0.0016065 -0.0005494 -0.0008258 -0.0008004 -0.0001622 -0.0017980 0.0007924 -0.0024595 0.0011498 -0.0016999 -0.0017403 -0.0021475 -0.0012777 -0.0002069 -0.0012518 0.0004061 -0.0011812 -0.0041233 -0.0012980 -0.0018002 -0.0014140 0.0014148 -0.0017818 0.0006760 -0.0021502 -0.0009668 0.0004725 -0.0012331 0.0005942 0.0018855 0.0012434 0.0008119 0.0009469 -0.0013126 -0.0006275 -0.0029140 -0.0018804 0.0010762 0.0019317 -0.0015681 -0.0016673 -0.0004445 -0.0009050 -0.0000930 -0.0007244 -0.0009160 0.0000545 0.0003878 -0.0010641 -0.0001700 0.0018399 -0.0023511 0.0013046 -0.0011314 -0.0033966 -0.0004068 0.0003130 0.0000680 -0.0018087 0.0002406 0.0008406 0.0013613 -0.0028278 -0.0015558 0.0003024 -0.0004666 -0.0023654 -0.0003938 0.0013789 -0.0006424 -0.0001959 -0.0005577 0.0008224 -0.0004262 0.0008475 -0.0025373 -0.0011345 -0.0004744 -0.0031362 -0.0045234 -0.0067875 -0.0036918 -0.0057724 -0.0039433 -0.0031482 -0.0040051 -0.0071946 -0.0047364 -0.0073461 -0.0080188 -0.0037142 -0.0075598 -0.0085255 -0.0061945 -0.0063085 -0.0046016 -0.0034704 -0.0070606 -0.0061549 -0.0069086 -0.0077227 -0.0079599 -0.0044515 -0.0091699 -0.0079059
