1.2667031 0.0623906 0.0620056 -0.2493807 -0.1142156 0.0283318 -0.1197644 0.6759079 0.0637098 -0.1197824 0.0609174 -0.1169438 0.0611352 -0.1215983 0.0586867 0.3047918 0.0603041 0.0598265 0.0378846 0.6819493 -0.2503259 0.0372723 0.3842583 -0.1197058 0.0014976 0.6738859 -0.1159727 0.6731530 0.0623663 -0.1158784 0.4247315 0.0378131 0.1060010 -0.1196417 0.0375475 0.0430965 0.0388384 -0.2443405 0.0369553 0.0376850 -0.1217955 -0.2561200 -0.1168891 0.0065460 0.0385074 0.0380099 0.6827042 -0.1186608 0.0231888 -0.1175644 0.0366649 0.0374934 0.0602448 -0.1211600 -0.0004392 0.0614382 0.0381678 -0.1163705 -0.1154851 0.0381220 0.0376642 0.0605807 -0.1182565 0.0616924 -0.1217586 0.0611407 0.0308531 0.0616787 -0.1211730 0.0608536 0.0240040 0.0377165 -0.2608927 0.0603200 -0.0018684 0.0374155 0.0367549 -0.1228218 0.0378285 -0.1180841 0.6744679 0.0366399 -0.1225312 0.0240335 0.0384672 0.0612894 -0.1162109 0.6753107 0.6726934 -0.1237614 0.0601569 0.0310291 -0.1182787 0.0365821 0.1758226 0.0608889 0.0376162 0.2790436 -0.1193099 0.0373445 0.0380318 0.0377439 -0.2499776 0.0598634 0.0373368 0.0615003 -0.1231727 -0.1206436 -0.1194682 0.0096371 0.0586819 -0.2493767 0.0593650 -0.2410334 -0.1222931 -0.1188572 -0.1172245 -0.1199764 -0.1173527 -0.1008760 -0.1023417 -0.1034115 -0.1021488 -0.1028364 -0.1014435 -0.1024288 -0.1030260 -0.1525334 -0.1532663 -0.1528931 -0.1538405 -0.1540090 -0.1534130 -0.1550148 -0.1548704 -0.1533353 -0.1529924 -0.1539791 -0.1536862 -0.1486285 -0.1455289 -0.1471385 -0.1467652 -0.1480723 -0.1481963 -0.1475073 -0.1481974 -0.1474677 -0.1484106 -0.1472441 -0.1475535
0.0623906 1.2596173 0.5651419 0.3147240 -0.1551327 -0.0548773 -0.1584177 0.0630870 0.5732345 -0.1577159 0.5714855 -0.1565116 0.5759743 -0.1588863 0.5883505 -0.0758263 0.5912998 0.5768843 -0.1787757 0.0625475 0.3177650 -0.1790521 -0.0276768 -0.1578005 -0.0648091 0.0631988 -0.1539733 0.0630019 0.5754171 -0.1554412 -0.0257798 -0.1784410 -0.1764448 -0.1589201 -0.1812747 -0.1774348 -0.1793085 0.3174872 -0.1794111 -0.1780012 -0.1601365 0.3242499 -0.1541687 -0.0666906 -0.1774814 -0.1776476 0.0626030 -0.1571279 -0.0569134 -0.1565650 -0.1776381 -0.1796131 0.5825479 -0.1587776 -0.0661918 0.5905848 -0.1786389 -0.1564480 -0.1548691 -0.1775099 -0.1771429 0.5774972 -0.1572932 0.5896063 -0.1595922 0.5854096 -0.1589541 0.5760718 -0.1587466 0.5734779 -0.0560904 -0.1776459 0.3261425 0.5900574 -0.0649603 -0.1779655 -0.1809785 -0.1606992 -0.1772430 -0.1569117 0.0615565 -0.1783311 -0.1597967 -0.0559189 -0.1816959 0.5679649 -0.1555532 0.0613533 0.0621770 -0.1604136 0.5799445 0.5730043 -0.1563435 -0.1791453 0.0545015 0.5761639 -0.1775719 -0.0981069 -0.1579460 -0.1780836 -0.1784113 -0.1807744 0.3171044 0.5870355 -0.1784861 0.0771155 -0.1590302 -0.1579910 -0.1580526 -0.1646276 0.5799324 0.3183798 0.5749636 0.3144897 -0.1607383 -0.1576203 -0.1560960 -0.1576199 -0.1565627 -0.1855424 -0.1862497 -0.1874701 -0.1866114 -0.1865894 -0.1858096 -0.1864026 -0.1871458 -0.1796818 -0.1798559 -0.1796252 -0.1809373 -0.1809645 -0.1801384 -0.1814728 -0.1817636 -0.1804068 -0.1793877 -0.1804675 -0.1803591 -0.1734941 -0.1701645 -0.1715124 -0.1711512 -0.1724733 -0.1726589 -0.1719521 -0.1726950 -0.1719583 -0.1727864 -0.1715443 -0.1716368
0.0620056 0.5651419 1.2531905 0.3084471 -0.1520265 -0.0534661 -0.1555324 0.0620976 0.5600601 -0.1553780 0.5578656 -0.1540635 0.5629790 -0.1567425 0.5741135 -0.0734545 0.5767544 0.5626443 -0.1751344 0.0615685 0.3112001 -0.1755554 -0.0269284 -0.1552191 -0.0631811 0.0622743 -0.1511894 0.0624274 0.5612917 -0.1529259 -0.0239372 -0.1748872 -0.1728036 -0.1558410 -0.1778338 -0.1733089 -0.1755830 0.3104943 -0.1759699 -0.1744259 -0.1577018 0.3171968 -0.1510595 -0.0652465 -0.1737722 -0.1739646 0.0618825 -0.1544138 -0.0548526 -0.1539085 -0.1740041 -0.1757992 0.5683278 -0.1564277 -0.0648489 0.5765071 -0.1752171 -0.1539886 -0.1522541 -0.1736867 -0.1733049 0.5643083 -0.1542600 0.5760822 -0.1569602 0.5722929 -0.1541969 0.5625620 -0.1563582 0.5598089 -0.0545045 -0.1740091 0.3186367 0.5760085 -0.0640222 -0.1744231 -0.1774365 -0.1582808 -0.1733696 -0.1543496 0.0608550 -0.1747889 -0.1573066 -0.0551110 -0.1778720 0.5550426 -0.1523663 0.0611085 0.0617025 -0.1580823 0.5665733 0.5593291 -0.1532054 -0.1754429 0.0540108 0.5622828 -0.1740205 -0.0952253 -0.1553901 -0.1744524 -0.1745440 -0.1774938 0.3098619 0.5726218 -0.1748117 0.0755733 -0.1563219 -0.1556771 -0.1553132 -0.1607232 0.5652076 0.3114171 0.5610036 0.3079238 -0.1581764 -0.1550763 -0.1530650 -0.1552983 -0.1534088 -0.1806618 -0.1814547 -0.1826988 -0.1816710 -0.1818202 -0.1811142 -0.1815768 -0.1822783 -0.1742309 -0.1745029 -0.1743387 -0.1755618 -0.1757698 -0.1747328 -0.1761936 -0.1764293 -0.1751201 -0.1741185 -0.1751095 -0.1750616 -0.1696338 -0.1664170 -0.1676566 -0.1672522 -0.1687572 -0.1690694 -0.1681735 -0.1690419 -0.1681251 -0.1690345 -0.1677920 -0.1678312
-0.2493807 0.3147240 0.3084471 1.1805705 -0.1270740 -0.1252419 -0.1267667 -0.2490814 0.3118466 -0.1270092 0.3123295 -0.1269450 0.3142185 -0.1264308 0.3236457 -0.1243482 0.3242193 0.3158022 0.0902563 -0.2506797 0.4515632 0.0917566 -0.1707186 -0.1261450 -0.1231527 -0.2498064 -0.1269009 -0.2495052 0.3133456 -0.1265100 -0.1666848 0.0906648 -0.1666928 -0.1266584 0.0924459 0.0857868 0.0911757 0.4422623 0.0927959 0.0916395 -0.1283510 0.4637514 -0.1234269 -0.1239559 0.0899869 0.0906942 -0.2505601 -0.1269354 -0.1130843 -0.1276585 0.0912921 0.0915340 0.3186635 -0.1271571 -0.1230594 0.3228519 0.0918440 -0.1275817 -0.1265386 0.0906604 0.0899064 0.3151999 -0.1281162 0.3221704 -0.1266824 0.3205957 -0.0269036 0.3139301 -0.1266476 0.3133311 -0.1250595 0.0914481 0.4696785 0.3232112 -0.1204243 0.0915522 0.0918852 -0.1274691 0.0891417 -0.1276564 -0.2497386 0.0915228 -0.1270379 -0.1251833 0.0914581 0.3098274 -0.1272081 -0.2502796 -0.2494242 -0.1276046 0.3173995 0.3304132 -0.1273843 0.0917700 -0.0601669 0.3156623 0.0911564 -0.0948170 -0.1277742 0.0910396 0.0912656 0.0922856 0.4510707 0.3228068 0.0916016 -0.0303076 -0.1254831 -0.1262330 -0.1271577 -0.0257816 0.3184141 0.4505629 0.3160488 0.4339472 -0.1279527 -0.1278038 -0.1275799 -0.1281445 -0.1282335 -0.1007227 -0.1015983 -0.1026230 -0.1016267 -0.1015992 -0.1010669 -0.1012264 -0.1021967 -0.1686808 -0.1689619 -0.1685801 -0.1695818 -0.1695813 -0.1690502 -0.1699370 -0.1701326 -0.1694331 -0.1685254 -0.1690616 -0.1692818 -0.1606334 -0.1586861 -0.1594858 -0.1588974 -0.1601098 -0.1601916 -0.1597219 -0.1603961 -0.1598719 -0.1599393 -0.1593175 -0.1594110
-0.1142156 -0.1551327 -0.1520265 -0.1270740 1.1095614 0.2827302 0.4165757 -0.1152699 -0.1542238 0.4168126 -0.1550368 0.4099827 -0.1544880 0.4213609 -0.1585841 -0.1467348 -0.1586701 -0.1555412 -0.1916812 -0.1168866 -0.1288124 -0.1924006 -0.0310076 0.4131514 0.3039936 -0.1144621 0.4120285 -0.1141337 -0.1559702 0.4091491 -0.1547942 -0.1910244 0.1374591 0.4160764 -0.1953747 -0.1909481 -0.1933843 -0.1266289 -0.1923977 -0.1905779 0.4191740 -0.1323319 0.4064023 0.3023230 -0.1893697 -0.1897926 -0.1173786 0.4169103 0.2524864 0.4120956 -0.1902232 -0.1939262 -0.1571019 0.4163071 0.3030467 -0.1591559 -0.1914741 0.4111465 0.4085034 -0.1897228 -0.1904147 -0.1557175 0.4152461 -0.1587347 0.4202021 -0.1578248 -0.1218973 -0.1548329 0.4184287 -0.1553094 0.2850506 -0.1909713 -0.1339018 -0.1591850 0.3025045 -0.1911013 -0.1944091 0.4219298 -0.1883364 0.4135861 -0.1149151 -0.1917024 0.4176168 0.2846760 -0.1951820 -0.1542106 0.4095945 -0.1171124 -0.1152790 0.4273349 -0.1569400 -0.1492905 0.4141782 -0.1930281 0.0464919 -0.1556798 -0.1900263 -0.1495684 0.4160624 -0.1911884 -0.1917695 -0.1950830 -0.1294756 -0.1590830 -0.1917130 0.1679783 0.4185576 0.4163317 0.4135570 -0.1142517 -0.1569607 -0.1293200 -0.1566081 -0.1252386 0.4207874 0.4157223 0.4133661 0.4191996 0.4127833 -0.1836825 -0.1845186 -0.1854400 -0.1847358 -0.1849170 -0.1844677 -0.1847931 -0.1851243 -0.1780339 -0.1781683 -0.1780745 -0.1788127 -0.1794145 -0.1783636 -0.1798771 -0.1801302 -0.1790463 -0.1779648 -0.1789932 -0.1788879 -0.1676666 -0.1646916 -0.1660111 -0.1650072 -0.1669716 -0.1671105 -0.1665409 -0.1672412 -0.1665450 -0.1676139 -0.1662984 -0.1664983
0.0283318 -0.0548773 -0.0534661 -0.1252419 0.2827302 1.0719136 0.2921959 0.0277385 -0.0546380 0.2887255 -0.0553854 0.2840255 -0.0554889 0.2947554 -0.0526229 -0.0480178 -0.0524370 -0.0552775 -0.2080045 0.0286402 -0.1270499 -0.2085852 0.0668734 0.2863903 0.3074833 0.0280104 0.2841870 0.0278640 -0.0548899 0.2828157 -0.0427129 -0.2079226 0.1284885 0.2918824 -0.2091904 -0.2011258 -0.2071600 -0.1269116 -0.2088681 -0.2083400 0.2942050 -0.1272030 0.2820582 0.3281929 -0.2069848 -0.2074988 0.0286671 0.2871175 0.2766702 0.2851441 -0.2074679 -0.2082570 -0.0545113 0.2885396 0.3041445 -0.0520069 -0.2090223 0.2842072 0.2829233 -0.2077325 -0.2070033 -0.0552700 0.2882379 -0.0516420 0.2936633 -0.0512883 -0.1052660 -0.0549000 0.2908615 -0.0552468 0.3074047 -0.2085294 -0.1288130 -0.0523535 0.3086441 -0.2086123 -0.2090749 0.2950364 -0.2060397 0.2857749 0.0280959 -0.2078728 0.2897475 0.3023704 -0.2094661 -0.0558874 0.2828989 0.0284647 0.0281208 0.2985753 -0.0557392 -0.0586630 0.2869253 -0.2073786 0.1127216 -0.0537619 -0.2077755 -0.0604177 0.2879204 -0.2080372 -0.2081277 -0.2091216 -0.1280855 -0.0529766 -0.2090599 0.1926188 0.2939518 0.2887313 0.2871710 -0.1112414 -0.0552744 -0.1277707 -0.0550646 -0.1260776 0.2946621 0.2876573 0.2855232 0.2897923 0.2851223 -0.1138599 -0.1144543 -0.1151832 -0.1146082 -0.1147724 -0.1144017 -0.1145102 -0.1152177 -0.1757859 -0.1756209 -0.1756922 -0.1762054 -0.1768885 -0.1759676 -0.1769190 -0.1770890 -0.1764880 -0.1755654 -0.1764166 -0.1762830 -0.1814020 -0.1789043 -0.1800867 -0.1793047 -0.1805523 -0.1809531 -0.1803364 -0.1812700 -0.1804826 -0.1813171 -0.1800171 -0.1804123
-0.1197644 -0.1584177 -0.1555324 -0.1267667 0.4165757 0.2921959 1.1067023 -0.1202277 -0.1578570 0.4288752 -0.1583279 0.4202539 -0.1578824 0.4389599 -0.1566768 -0.1495389 -0.1570274 -0.1580150 -0.1960469 -0.1185886 -0.1280366 -0.1966313 -0.0292806 0.4256780 0.3101153 -0.1199553 0.4199437 -0.1200599 -0.1584003 0.4184180 -0.1620165 -0.1960046 0.1398622 0.4349247 -0.1974462 -0.1932844 -0.1956196 -0.1282516 -0.1967386 -0.1964527 0.4376859 -0.1286988 0.4160147 0.3145007 -0.1951667 -0.1957748 -0.1184697 0.4259176 0.2555561 0.4221080 -0.1956841 -0.1962329 -0.1579901 0.4297804 0.3091175 -0.1567101 -0.1970929 0.4204648 0.4175336 -0.1956590 -0.1954054 -0.1584403 0.4266602 -0.1560226 0.4396088 -0.1555494 -0.1215968 -0.1578148 0.4326013 -0.1582043 0.2947260 -0.1966706 -0.1307686 -0.1570878 0.3096217 -0.1966671 -0.1967716 0.4402927 -0.1943861 0.4231084 -0.1189972 -0.1960046 0.4332213 0.2904969 -0.1969308 -0.1573969 0.4189909 -0.1188514 -0.1193777 0.4458874 -0.1591222 -0.1513594 0.4250237 -0.1948598 0.0481971 -0.1571674 -0.1959580 -0.1506734 0.4271376 -0.1963074 -0.1966205 -0.1971294 -0.1290846 -0.1570577 -0.1971336 0.1699767 0.4363651 0.4292786 0.4264756 -0.1170840 -0.1582097 -0.1284579 -0.1576109 -0.1269716 0.4399389 0.4268023 0.4223531 0.4302137 0.4222370 -0.1878543 -0.1881241 -0.1889467 -0.1885370 -0.1886124 -0.1884717 -0.1884696 -0.1889150 -0.1844126 -0.1839790 -0.1842972 -0.1845044 -0.1854444 -0.1846146 -0.1854226 -0.1857876 -0.1852528 -0.1841453 -0.1849307 -0.1849067 -0.1777824 -0.1753548 -0.1763746 -0.1754961 -0.1771511 -0.1772582 -0.1767751 -0.1777244 -0.1770631 -0.1780001 -0.1766914 -0.1768645
0.6759079 0.0630870 0.0620976 -0.2490814 -0.1152699 0.0277385 -0.1202277 1.2623832 0.0648195 -0.1204123 0.0620163 -0.1172595 0.0620039 -0.1214963 0.0610293 0.3055581 0.0615331 0.0608323 0.0383107 0.6881002 -0.2501466 0.0375487 0.3858917 -0.1200093 0.0002427 0.6777472 -0.1172415 0.6763059 0.0628337 -0.1167907 0.4255476 0.0379478 0.1052906 -0.1200891 0.0389810 0.0432345 0.0391091 -0.2443270 0.0379854 0.0379133 -0.1214489 -0.2553559 -0.1176027 0.0061914 0.0386799 0.0383488 0.6892142 -0.1191201 0.0222737 -0.1180505 0.0368292 0.0380515 0.0613217 -0.1213661 -0.0015813 0.0625697 0.0381401 -0.1172860 -0.1162444 0.0378721 0.0375588 0.0613044 -0.1190578 0.0627414 -0.1222925 0.0625955 0.0308531 0.0631038 -0.1208262 0.0620742 0.0238792 0.0383227 -0.2597687 0.0625951 -0.0024156 0.0379932 0.0382095 -0.1223021 0.0379169 -0.1183652 0.6795905 0.0373262 -0.1222895 0.0236178 0.0388818 0.0618358 -0.1170229 0.6803802 0.6765927 -0.1236087 0.0609010 0.0318281 -0.1192117 0.0367459 0.1758366 0.0621623 0.0381181 0.2804401 -0.1195611 0.0376762 0.0384085 0.0390285 -0.2492923 0.0619499 0.0378315 0.0611963 -0.1231048 -0.1208103 -0.1197152 0.0091867 0.0598358 -0.2493400 0.0603940 -0.2417185 -0.1220982 -0.1197097 -0.1183259 -0.1204762 -0.1183336 -0.1020425 -0.1032913 -0.1042460 -0.1030940 -0.1036289 -0.1024692 -0.1032947 -0.1039952 -0.1540943 -0.1548216 -0.1543986 -0.1553080 -0.1554319 -0.1549016 -0.1563095 -0.1562362 -0.1547216 -0.1544602 -0.1553571 -0.1550705 -0.1495170 -0.1467070 -0.1481880 -0.1478750 -0.1490869 -0.1491767 -0.1485944 -0.1491052 -0.1485600 -0.1494112 -0.1482287 -0.1484421
0.0637098 0.5732345 0.5600601 0.3118466 -0.1542238 -0.0546380 -0.1578570 0.0648195 1.2570819 -0.1569685 0.5664716 -0.1557126 0.5714104 -0.1582592 0.5836856 -0.0741059 0.5856383 0.5715088 -0.1770755 0.0640238 0.3146497 -0.1776542 -0.0263078 -0.1569645 -0.0649100 0.0640371 -0.1534548 0.0640310 0.5691847 -0.1549837 -0.0243149 -0.1772143 -0.1750757 -0.1582258 -0.1796972 -0.1763063 -0.1779740 0.3143334 -0.1776424 -0.1763994 -0.1591704 0.3212676 -0.1530920 -0.0661221 -0.1757162 -0.1757803 0.0641738 -0.1558529 -0.0563887 -0.1556193 -0.1760475 -0.1779913 0.5767766 -0.1581264 -0.0659910 0.5850093 -0.1772473 -0.1557597 -0.1541362 -0.1759684 -0.1757013 0.5712842 -0.1564966 0.5839306 -0.1595448 0.5804580 -0.1570474 0.5718648 -0.1575060 0.5684345 -0.0554671 -0.1757756 0.3230887 0.5859703 -0.0645656 -0.1762328 -0.1791866 -0.1596708 -0.1753656 -0.1559354 0.0630256 -0.1767619 -0.1592545 -0.0556842 -0.1802034 0.5623954 -0.1549162 0.0628018 0.0634025 -0.1599565 0.5744674 0.5671067 -0.1554920 -0.1775705 0.0544415 0.5713151 -0.1757565 -0.0962764 -0.1571966 -0.1765112 -0.1766577 -0.1788860 0.3138342 0.5825430 -0.1768142 0.0763305 -0.1580445 -0.1572393 -0.1573491 -0.1629809 0.5741526 0.3150973 0.5691635 0.3109332 -0.1601017 -0.1569177 -0.1554495 -0.1572424 -0.1556212 -0.1835391 -0.1844710 -0.1857035 -0.1846437 -0.1847521 -0.1840590 -0.1845468 -0.1853415 -0.1779145 -0.1780628 -0.1778724 -0.1792130 -0.1792374 -0.1783384 -0.1797855 -0.1799955 -0.1786869 -0.1776863 -0.1786877 -0.1786014 -0.1725700 -0.1693738 -0.1706212 -0.1703017 -0.1717220 -0.1718758 -0.1711575 -0.1718159 -0.1711274 -0.1719217 -0.1707098 -0.1708367
-0.1197824 -0.1577159 -0.1553780 -0.1270092 0.4168126 0.2887255 0.4288752 -0.1204123 -0.1569685 1.1033792 -0.1573566 0.4225591 -0.1569471 0.4362256 -0.1589418 -0.1515909 -0.1594438 -0.1573274 -0.1964174 -0.1207903 -0.1286146 -0.1974509 -0.0327365 0.4262531 0.3108951 -0.1197689 0.4229707 -0.1200508 -0.1579612 0.4197862 -0.1622662 -0.1966839 0.1401580 0.4284091 -0.1997611 -0.1965847 -0.1986721 -0.1279966 -0.1972464 -0.1963271 0.4353317 -0.1314327 0.4179687 0.3108085 -0.1953908 -0.1955596 -0.1213110 0.4289508 0.2574150 0.4246002 -0.1955502 -0.1988513 -0.1580035 0.4304491 0.3100364 -0.1593925 -0.1968787 0.4230395 0.4193363 -0.1959268 -0.1960806 -0.1578145 0.4276007 -0.1604334 0.4324842 -0.1594234 -0.1248205 -0.1571078 0.4338007 -0.1575411 0.2926428 -0.1963339 -0.1331289 -0.1593484 0.3106621 -0.1965809 -0.1989556 0.4376521 -0.1942074 0.4255145 -0.1194453 -0.1964657 0.4328619 0.2915103 -0.1997788 -0.1569650 0.4201493 -0.1217804 -0.1199715 0.4427806 -0.1588218 -0.1510865 0.4262084 -0.1983937 0.0458952 -0.1569314 -0.1960943 -0.1537314 0.4296616 -0.1962038 -0.1968789 -0.1995374 -0.1290167 -0.1595248 -0.1971338 0.1713474 0.4344452 0.4310893 0.4275834 -0.1173658 -0.1578645 -0.1287780 -0.1578063 -0.1264909 0.4358758 0.4290061 0.4239039 0.4323991 0.4238356 -0.1887473 -0.1895298 -0.1902855 -0.1897307 -0.1898099 -0.1894528 -0.1897980 -0.1900999 -0.1833925 -0.1833489 -0.1833725 -0.1839328 -0.1847630 -0.1837180 -0.1849516 -0.1851837 -0.1842838 -0.1832685 -0.1841682 -0.1840100 -0.1766966 -0.1738257 -0.1752841 -0.1741830 -0.1762568 -0.1764085 -0.1755673 -0.1762898 -0.1756566 -0.1765768 -0.1754185 -0.1756372
0.0609174 0.5714855 0.5578656 0.3123295 -0.1550368 -0.0553854 -0.1583279 0.0620163 0.5664716 -0.1573566 1.2582412 -0.1556607 0.5692456 -0.1587701 0.5824199 -0.0749185 0.5837621 0.5700883 -0.1767947 0.0613169 0.3154544 -0.1775506 -0.0279779 -0.1570352 -0.0654400 0.0613893 -0.1540829 0.0613919 0.5684948 -0.1551864 -0.0259611 -0.1769229 -0.1754676 -0.1585063 -0.1794308 -0.1759197 -0.1777620 0.3149135 -0.1774849 -0.1761854 -0.1593704 0.3218893 -0.1536466 -0.0666272 -0.1757448 -0.1757537 0.0612766 -0.1567831 -0.0572613 -0.1559219 -0.1757303 -0.1776152 0.5754204 -0.1582547 -0.0666235 0.5835106 -0.1770939 -0.1559321 -0.1543418 -0.1758868 -0.1752596 0.5706375 -0.1567169 0.5823526 -0.1599446 0.5788358 -0.1570496 0.5695165 -0.1580072 0.5674412 -0.0561083 -0.1758904 0.3237210 0.5838383 -0.0651454 -0.1759187 -0.1788719 -0.1598893 -0.1751820 -0.1562750 0.0604457 -0.1762950 -0.1591951 -0.0558278 -0.1800155 0.5617377 -0.1550780 0.0600752 0.0608344 -0.1598691 0.5732815 0.5661343 -0.1559243 -0.1773876 0.0534223 0.5704349 -0.1757890 -0.0970609 -0.1571625 -0.1761286 -0.1763675 -0.1787016 0.3148324 0.5811711 -0.1766639 0.0761290 -0.1584871 -0.1574005 -0.1573047 -0.1626016 0.5729078 0.3159191 0.5688460 0.3116081 -0.1604050 -0.1572960 -0.1557060 -0.1574405 -0.1561333 -0.1825756 -0.1834598 -0.1846566 -0.1836269 -0.1838272 -0.1829985 -0.1836066 -0.1843194 -0.1749950 -0.1753745 -0.1751660 -0.1764334 -0.1765023 -0.1755891 -0.1770276 -0.1771958 -0.1759203 -0.1748812 -0.1759984 -0.1758382 -0.1711713 -0.1678826 -0.1693311 -0.1688610 -0.1703297 -0.1704756 -0.1696607 -0.1705026 -0.1696240 -0.1705073 -0.1692692 -0.1693861
-0.1169438 -0.1565116 -0.1540635 -0.1269450 0.4099827 0.2840255 0.4202539 -0.1172595 -0.1557126 0.4225591 -0.1556607 1.1070887 -0.1557806 0.4266402 -0.1589889 -0.1487707 -0.1594555 -0.1562047 -0.1937407 -0.1187096 -0.1283368 -0.1948358 -0.0322738 0.4187372 0.3063243 -0.1171513 0.4158370 -0.1172018 -0.1568646 0.4138176 -0.1581752 -0.1935724 0.1381173 0.4194790 -0.1975408 -0.1941366 -0.1964169 -0.1269319 -0.1947029 -0.1933144 0.4255480 -0.1318809 0.4102789 0.3056116 -0.1921247 -0.1924173 -0.1192715 0.4215545 0.2542804 0.4180627 -0.1926433 -0.1962422 -0.1576372 0.4219057 0.3054613 -0.1593694 -0.1942151 0.4164279 0.4134516 -0.1929387 -0.1927833 -0.1568617 0.4198065 -0.1603095 0.4236659 -0.1589903 -0.1236549 -0.1562113 0.4234599 -0.1559371 0.2889062 -0.1935030 -0.1334958 -0.1593924 0.3060641 -0.1935579 -0.1963727 0.4285949 -0.1909241 0.4189647 -0.1170108 -0.1938365 0.4238513 0.2877528 -0.1976767 -0.1554980 0.4137666 -0.1193700 -0.1173909 0.4327372 -0.1579394 -0.1502357 0.4184822 -0.1957774 0.0461397 -0.1564406 -0.1927829 -0.1512416 0.4220452 -0.1933527 -0.1938679 -0.1969884 -0.1287074 -0.1592702 -0.1941164 0.1697877 0.4243824 0.4226788 0.4196630 -0.1153507 -0.1571759 -0.1287647 -0.1570758 -0.1257720 0.4263595 0.4204842 0.4172627 0.4242346 0.4169464 -0.1854921 -0.1862711 -0.1871093 -0.1864478 -0.1866105 -0.1861688 -0.1864835 -0.1868874 -0.1794383 -0.1794353 -0.1795423 -0.1800997 -0.1809266 -0.1797929 -0.1811384 -0.1815047 -0.1804403 -0.1792250 -0.1802652 -0.1802265 -0.1715951 -0.1684629 -0.1698764 -0.1688120 -0.1709737 -0.1709896 -0.1703313 -0.1711345 -0.1703964 -0.1713679 -0.1700473 -0.1703454
0.0611352 0.5759743 0.5629790 0.3142185 -0.1544880 -0.0554889 -0.1578824 0.0620039 0.5714104 -0.1569471 0.5692456 -0.1557806 1.2593609 -0.1583023 0.5863050 -0.0760395 0.5879259 0.5738770 -0.1777246 0.0612255 0.3173347 -0.1782746 -0.0283537 -0.1570553 -0.0650298 0.0613853 -0.1532556 0.0617105 0.5719128 -0.1549666 -0.0264216 -0.1778316 -0.1760548 -0.1580667 -0.1803220 -0.1766140 -0.1785229 0.3169035 -0.1784217 -0.1767886 -0.1594156 0.3236499 -0.1530558 -0.0667687 -0.1762690 -0.1763162 0.0610853 -0.1557883 -0.0570546 -0.1556264 -0.1765884 -0.1785248 0.5791792 -0.1580262 -0.0661832 0.5878056 -0.1775908 -0.1558977 -0.1542989 -0.1765397 -0.1760783 0.5743676 -0.1563569 0.5864056 -0.1591284 0.5825415 -0.1577776 0.5743365 -0.1576133 0.5711452 -0.0563106 -0.1762722 0.3257008 0.5891660 -0.0646539 -0.1768259 -0.1797733 -0.1597727 -0.1758696 -0.1561259 0.0601303 -0.1771844 -0.1591699 -0.0561406 -0.1806076 0.5655330 -0.1545746 0.0602191 0.0607385 -0.1595509 0.5776971 0.5701854 -0.1551515 -0.1781032 0.0541100 0.5735823 -0.1764146 -0.0981400 -0.1569143 -0.1769080 -0.1772718 -0.1795049 0.3168698 0.5849552 -0.1772858 0.0767198 -0.1580773 -0.1571132 -0.1572955 -0.1635830 0.5765958 0.3178751 0.5718691 0.3142094 -0.1599031 -0.1568287 -0.1552944 -0.1568802 -0.1555763 -0.1839957 -0.1848680 -0.1859691 -0.1849106 -0.1851600 -0.1844649 -0.1849679 -0.1856129 -0.1787354 -0.1789996 -0.1787047 -0.1800593 -0.1799615 -0.1791642 -0.1804938 -0.1808774 -0.1795189 -0.1785285 -0.1795072 -0.1793954 -0.1733562 -0.1700869 -0.1714189 -0.1709364 -0.1723327 -0.1725679 -0.1718267 -0.1724426 -0.1718098 -0.1725653 -0.1713334 -0.1714574
-0.1215983 -0.1588863 -0.1567425 -0.1264308 0.4213609 0.2947554 0.4389599 -0.1214963 -0.1582592 0.4362256 -0.1587701 0.4266402 -0.1583023 1.1063262 -0.1559394 -0.1508386 -0.1563706 -0.1584338 -0.1978965 -0.1193866 -0.1274680 -0.1986627 -0.0293569 0.4314843 0.3121703 -0.1218950 0.4259705 -0.1222728 -0.1592526 0.4233363 -0.1646476 -0.1983273 0.1416545 0.4391110 -0.1984540 -0.1955765 -0.1979233 -0.1283188 -0.1982943 -0.1980484 0.4452188 -0.1277375 0.4223600 0.3201712 -0.1970839 -0.1976184 -0.1197392 0.4325695 0.2583598 0.4281720 -0.1974377 -0.1983103 -0.1585858 0.4353548 0.3110493 -0.1568841 -0.1990039 0.4263059 0.4221464 -0.1979433 -0.1977964 -0.1591858 0.4319715 -0.1574228 0.4450312 -0.1570895 -0.1209827 -0.1582370 0.4394309 -0.1588425 0.2981969 -0.1982786 -0.1286489 -0.1562004 0.3136628 -0.1983025 -0.1977294 0.4497520 -0.1964021 0.4290778 -0.1207332 -0.1979587 0.4389879 0.2936138 -0.1984430 -0.1587795 0.4235744 -0.1208057 -0.1215857 0.4558831 -0.1599882 -0.1516344 0.4297480 -0.1976477 0.0482820 -0.1577270 -0.1980691 -0.1509265 0.4342438 -0.1980390 -0.1983892 -0.1981451 -0.1281047 -0.1564389 -0.1987061 0.1712421 0.4460612 0.4368131 0.4324592 -0.1175421 -0.1584194 -0.1288283 -0.1581565 -0.1273952 0.4483641 0.4332349 0.4274653 0.4369575 0.4267652 -0.1893350 -0.1898843 -0.1905190 -0.1901108 -0.1899650 -0.1900225 -0.1900534 -0.1905674 -0.1901473 -0.1899384 -0.1901694 -0.1903846 -0.1911180 -0.1903709 -0.1911138 -0.1914217 -0.1909705 -0.1899512 -0.1905662 -0.1906435 -0.1815140 -0.1793593 -0.1803999 -0.1795149 -0.1811084 -0.1812789 -0.1805641 -0.1814425 -0.1809756 -0.1816378 -0.1804423 -0.1807283
0.0586867 0.5883505 0.5741135 0.3236457 -0.1585841 -0.0526229 -0.1566768 0.0610293 0.5836856 -0.1589418 0.5824199 -0.1589889 0.5863050 -0.1559394 1.2515516 -0.0766789 0.6121294 0.5883609 -0.1824781 0.0641331 0.3276533 -0.1826984 -0.0260810 -0.1586072 -0.0666994 0.0589291 -0.1581806 0.0586801 0.5862800 -0.1589295 -0.0313582 -0.1832956 -0.1806343 -0.1564155 -0.1817211 -0.1789880 -0.1810613 0.3238361 -0.1830174 -0.1830686 -0.1568132 0.3394069 -0.1564639 -0.0615718 -0.1828309 -0.1829636 0.0639610 -0.1603777 -0.0589017 -0.1589919 -0.1822621 -0.1813874 0.5977058 -0.1593195 -0.0682983 0.6127292 -0.1837767 -0.1599353 -0.1583096 -0.1832971 -0.1819187 0.5881945 -0.1588041 0.6106624 -0.1580117 0.6072798 -0.1567508 0.5874687 -0.1580293 0.5846035 -0.0538512 -0.1824414 0.3422698 0.6148766 -0.0648012 -0.1827799 -0.1821620 -0.1575104 -0.1826358 -0.1597204 0.0600109 -0.1818353 -0.1588844 -0.0569274 -0.1824985 0.5775219 -0.1591019 0.0614592 0.0598174 -0.1557982 0.5925575 0.5850859 -0.1582748 -0.1812022 0.0561758 0.5909563 -0.1829824 -0.0971226 -0.1596799 -0.1827986 -0.1826714 -0.1813577 0.3272563 0.6105390 -0.1830054 0.0772797 -0.1552733 -0.1589842 -0.1590074 -0.1673904 0.5939785 0.3285298 0.5891396 0.3203334 -0.1574405 -0.1602291 -0.1595862 -0.1595996 -0.1597756 -0.1868378 -0.1872249 -0.1881808 -0.1875472 -0.1874395 -0.1871944 -0.1874077 -0.1881084 -0.1848523 -0.1847656 -0.1848065 -0.1855956 -0.1855621 -0.1850631 -0.1858516 -0.1861121 -0.1852562 -0.1843989 -0.1850471 -0.1850419 -0.1809972 -0.1784703 -0.1794697 -0.1791631 -0.1800580 -0.1803899 -0.1797161 -0.1804974 -0.1798966 -0.1804714 -0.1793338 -0.1794539
0.3047918 -0.0758263 -0.0734545 -0.1243482 -0.1467348 -0.0480178 -0.1495389 0.3055581 -0.0741059 -0.1515909 -0.0749185 -0.1487707 -0.0760395 -0.1508386 -0.0766789 1.1438090 -0.0766601 -0.0758568 0.1292163 0.3089635 -0.1252148 0.1290768 0.2087225 -0.1504841 -0.0712771 0.3050797 -0.1495918 0.3047328 -0.0745990 -0.1485312 0.3121614 0.1287744 0.0585594 -0.1493158 0.1340162 0.1375652 0.1330448 -0.1249432 0.1288479 0.1282490 -0.1503734 -0.1235093 -0.1467360 -0.0593799 0.1283099 0.1283785 0.3097333 -0.1515027 -0.0310442 -0.1498092 0.1280929 0.1320287 -0.0773933 -0.1520811 -0.0724968 -0.0758197 0.1288697 -0.1489865 -0.1484536 0.1279193 0.1284789 -0.0762772 -0.1511891 -0.0760183 -0.1506473 -0.0751460 0.2645564 -0.0756919 -0.1520135 -0.0752994 -0.0539788 0.1284844 -0.1242672 -0.0761675 -0.0718233 0.1285378 0.1324833 -0.1514827 0.1279078 -0.1503101 0.3051990 0.1288121 -0.1525040 -0.0570908 0.1334689 -0.0747889 -0.1491637 0.3084986 0.3045979 -0.1530004 -0.0765717 -0.0927706 -0.1509216 0.1301280 0.0743817 -0.0754857 0.1282921 0.3748076 -0.1511735 0.1287148 0.1293831 0.1326557 -0.1249331 -0.0759848 0.1288697 -0.0665978 -0.1493332 -0.1517173 -0.1507526 0.2339852 -0.0774782 -0.1254979 -0.0761864 -0.1247712 -0.1511751 -0.1509154 -0.1501648 -0.1529862 -0.1504224 0.2652497 0.2641323 0.2635866 0.2648506 0.2644598 0.2652844 0.2651930 0.2637667 -0.0649840 -0.0650038 -0.0648144 -0.0647078 -0.0645849 -0.0649589 -0.0644715 -0.0642269 -0.0646948 -0.0651370 -0.0644063 -0.0649182 -0.0594648 -0.0595054 -0.0596446 -0.0597293 -0.0592805 -0.0594810 -0.0595292 -0.0597836 -0.0600136 -0.0594102 -0.0592954 -0.0598319
0.0603041 0.5912998 0.5767544 0.3242193 -0.1586701 -0.0524370 -0.1570274 0.0615331 0.5856383 -0.1594438 0.5837621 -0.1594555 0.5879259 -0.1563706 0.6121294 -0.0766601 1.2563450 0.5901200 -0.1842508 0.0654020 0.3278276 -0.1843388 -0.0254095 -0.1597361 -0.0663882 0.0606449 -0.1585186 0.0601798 0.5887758 -0.1592977 -0.0304536 -0.1848723 -0.1809910 -0.1569068 -0.1837213 -0.1803117 -0.1824380 0.3237380 -0.1846334 -0.1848349 -0.1576888 0.3395499 -0.1572148 -0.0617337 -0.1844759 -0.1845418 0.0650042 -0.1610558 -0.0589078 -0.1597489 -0.1840318 -0.1828542 0.5999599 -0.1601510 -0.0680838 0.6146153 -0.1853845 -0.1604307 -0.1589508 -0.1846856 -0.1834603 0.5906898 -0.1594190 0.6134497 -0.1570851 0.6078087 -0.1579091 0.5885774 -0.1592323 0.5864881 -0.0543788 -0.1842680 0.3417161 0.6149787 -0.0649296 -0.1844958 -0.1839278 -0.1580527 -0.1842273 -0.1603792 0.0612780 -0.1837323 -0.1596757 -0.0568519 -0.1839082 0.5792614 -0.1594542 0.0628078 0.0612413 -0.1562593 0.5945291 0.5871518 -0.1586806 -0.1821660 0.0570249 0.5916549 -0.1847232 -0.0979443 -0.1604400 -0.1842262 -0.1843076 -0.1832915 0.3267076 0.6101637 -0.1846229 0.0778724 -0.1551633 -0.1594296 -0.1598035 -0.1682115 0.5959945 0.3283425 0.5904953 0.3206440 -0.1580355 -0.1602660 -0.1599340 -0.1601277 -0.1602083 -0.1868952 -0.1872291 -0.1882328 -0.1874172 -0.1874408 -0.1870360 -0.1873773 -0.1880060 -0.1852665 -0.1852325 -0.1852887 -0.1861057 -0.1861841 -0.1854914 -0.1864360 -0.1866222 -0.1858320 -0.1849677 -0.1855948 -0.1855451 -0.1803294 -0.1777431 -0.1787623 -0.1782716 -0.1793308 -0.1795777 -0.1789552 -0.1797566 -0.1791102 -0.1796843 -0.1785049 -0.1786627
0.0598265 0.5768843 0.5626443 0.3158022 -0.1555412 -0.0552775 -0.1580150 0.0608323 0.5715088 -0.1573274 0.5700883 -0.1562047 0.5738770 -0.1584338 0.5883609 -0.0758568 0.5901200 1.2534020 -0.1781368 0.0605716 0.3191786 -0.1789147 -0.0284349 -0.1572018 -0.0651026 0.0601300 -0.1550080 0.0599614 0.5735622 -0.1557984 -0.0276733 -0.1784115 -0.1767652 -0.1585499 -0.1806134 -0.1770286 -0.1789989 0.3178890 -0.1789858 -0.1779323 -0.1594080 0.3261646 -0.1540551 -0.0661397 -0.1775095 -0.1776250 0.0608798 -0.1571167 -0.0570037 -0.1562133 -0.1773749 -0.1792679 0.5812552 -0.1583951 -0.0666071 0.5894018 -0.1785664 -0.1566158 -0.1551508 -0.1775925 -0.1770540 0.5751947 -0.1571236 0.5885679 -0.1599099 0.5847916 -0.1573525 0.5739008 -0.1578848 0.5722167 -0.0559939 -0.1773738 0.3282178 0.5900694 -0.0646257 -0.1776874 -0.1804039 -0.1599153 -0.1770372 -0.1569092 0.0594452 -0.1778364 -0.1589977 -0.0561073 -0.1815900 0.5657036 -0.1559331 0.0589760 0.0599241 -0.1600201 0.5785256 0.5715619 -0.1563054 -0.1789218 0.0538012 0.5752507 -0.1777188 -0.0977327 -0.1572178 -0.1776854 -0.1780029 -0.1799887 0.3186263 0.5870112 -0.1782879 0.0762631 -0.1580765 -0.1573271 -0.1573914 -0.1634947 0.5789745 0.3197609 0.5735534 0.3144624 -0.1605528 -0.1575167 -0.1565487 -0.1575974 -0.1569722 -0.1827019 -0.1835331 -0.1846817 -0.1837864 -0.1839037 -0.1831597 -0.1835821 -0.1844122 -0.1774860 -0.1777705 -0.1776576 -0.1787807 -0.1788538 -0.1780449 -0.1793055 -0.1795702 -0.1782544 -0.1772828 -0.1783042 -0.1780495 -0.1743099 -0.1710650 -0.1724370 -0.1720058 -0.1734002 -0.1736782 -0.1728920 -0.1737161 -0.1728451 -0.1736373 -0.1724362 -0.1725342
0.0378846 -0.1787757 -0.1751344 0.0902563 -0.1916812 -0.2080045 -0.1960469 0.0383107 -0.1770755 -0.1964174 -0.1767947 -0.1937407 -0.1777246 -0.1978965 -0.1824781 0.1292163 -0.1842508 -0.1781368 1.1837736 0.0388480 0.0909829 0.6062136 0.0642615 -0.1942030 -0.2103833 0.0381519 -0.1941420 0.0376649 -0.1779524 -0.1920645 0.1393523 0.6029012 0.0466618 -0.1958281 0.6134764 0.5896238 0.6062562 0.0897224 0.6081470 0.6037334 -0.1991072 0.0923004 -0.1907401 -0.2148484 0.5989341 0.6006716 0.0393501 -0.1947640 -0.1815090 -0.1949119 0.6009707 0.6066552 -0.1804583 -0.1959903 -0.2091124 -0.1838679 0.6072846 -0.1933181 -0.1919729 0.6012523 0.5971599 -0.1788465 -0.1966791 -0.1835675 -0.1964446 -0.1824348 0.1731918 -0.1783430 -0.1967329 -0.1771173 -0.2080022 0.6026548 0.0938156 -0.1847756 -0.2103164 0.6034876 0.6099542 -0.1986820 0.5953333 -0.1950464 0.0378528 0.6037926 -0.1968214 -0.2056381 0.6130397 -0.1746833 -0.1935167 0.0387572 0.0375776 -0.2010934 -0.1792758 -0.1727487 -0.1959934 0.6043198 -0.0601673 -0.1785133 0.6016057 0.2023213 -0.1962511 0.6013201 0.6029390 0.6113051 0.0926205 -0.1823308 0.6056792 -0.1533399 -0.1979500 -0.1964507 -0.1955181 0.1763909 -0.1792769 0.0909444 -0.1773735 0.0889017 -0.1982742 -0.1956436 -0.1946309 -0.1975448 -0.1947706 -0.1253667 -0.1267076 -0.1276720 -0.1265952 -0.1267605 -0.1255457 -0.1262174 -0.1270305 -0.1384480 -0.1392677 -0.1385652 -0.1395202 -0.1394425 -0.1387983 -0.1400656 -0.1399654 -0.1391024 -0.1387292 -0.1393586 -0.1391865 -0.1375706 -0.1356614 -0.1368605 -0.1358712 -0.1375967 -0.1373889 -0.1369793 -0.1374294 -0.1367133 -0.1369291 -0.1364639 -0.1365954
0.6819493 0.0625475 0.0615685 -0.2506797 -0.1168866 0.0286402 -0.1185886 0.6881002 0.0640238 -0.1207903 0.0613169 -0.1187096 0.0612255 -0.1193866 0.0641331 0.3089635 0.0654020 0.0605716 0.0388480 1.2577380 -0.2510796 0.0384254 0.3920984 -0.1201939 -0.0009533 0.6843579 -0.1186215 0.6825552 0.0632334 -0.1180278 0.4272558 0.0378368 0.1049381 -0.1182416 0.0415707 0.0461614 0.0416449 -0.2468383 0.0380297 0.0370661 -0.1189888 -0.2545024 -0.1187607 0.0076718 0.0378344 0.0374593 0.7015623 -0.1207723 0.0206531 -0.1193271 0.0366373 0.0409458 0.0621699 -0.1214461 -0.0026939 0.0663059 0.0381683 -0.1188352 -0.1177463 0.0374234 0.0377605 0.0612816 -0.1193031 0.0661960 -0.1196563 0.0656080 0.0326999 0.0621419 -0.1212087 0.0615365 0.0248488 0.0375056 -0.2581691 0.0658097 -0.0033050 0.0373321 0.0408644 -0.1198775 0.0371992 -0.1197014 0.6884750 0.0378004 -0.1214116 0.0231001 0.0427989 0.0613200 -0.1183257 0.6920655 0.6846721 -0.1202352 0.0610073 0.0318152 -0.1194760 0.0394248 0.1769802 0.0626975 0.0367671 0.2843090 -0.1204397 0.0373640 0.0383233 0.0420854 -0.2506428 0.0651900 0.0375628 0.0604633 -0.1202595 -0.1210449 -0.1199295 0.0088773 0.0606575 -0.2501902 0.0611294 -0.2436350 -0.1193336 -0.1203056 -0.1194313 -0.1211271 -0.1193309 -0.1030726 -0.1040261 -0.1048837 -0.1038210 -0.1043359 -0.1033655 -0.1040149 -0.1047163 -0.1558946 -0.1562464 -0.1560581 -0.1568151 -0.1568938 -0.1565844 -0.1576074 -0.1573741 -0.1563342 -0.1560872 -0.1567037 -0.1565250 -0.1515338 -0.1489870 -0.1503135 -0.1500930 -0.1510564 -0.1511335 -0.1506799 -0.1510721 -0.1507064 -0.1514110 -0.1503537 -0.1506470
-0.2503259 0.3177650 0.3112001 0.4515632 -0.1288124 -0.1270499 -0.1280366 -0.2501466 0.3146497 -0.1286146 0.3154544 -0.1283368 0.3173347 -0.1274680 0.3276533 -0.1252148 0.3278276 0.3191786 0.0909829 -0.2510796 1.1819082 0.0922606 -0.1712739 -0.1275544 -0.1244150 -0.2507422 -0.1285588 -0.2508127 0.3170035 -0.1282920 -0.1681692 0.0909235 -0.1684234 -0.1280863 0.0931063 0.0855640 0.0914223 0.4446693 0.0929636 0.0917130 -0.1293520 0.4678218 -0.1255164 -0.1254258 0.0901818 0.0905289 -0.2511137 -0.1290442 -0.1152253 -0.1290622 0.0912833 0.0919885 0.3225958 -0.1284341 -0.1245244 0.3268308 0.0918951 -0.1288652 -0.1280928 0.0905673 0.0905056 0.3184961 -0.1295643 0.3261565 -0.1278349 0.3246192 -0.0288452 0.3170248 -0.1282442 0.3169647 -0.1262388 0.0916225 0.4744857 0.3273900 -0.1216255 0.0920523 0.0926701 -0.1286007 0.0895699 -0.1293073 -0.2502699 0.0919551 -0.1279620 -0.1263174 0.0923055 0.3134488 -0.1288215 -0.2509404 -0.2499607 -0.1283389 0.3211073 0.3342814 -0.1288332 0.0922579 -0.0605348 0.3186123 0.0910495 -0.0953070 -0.1293493 0.0913734 0.0914617 0.0931034 0.4546285 0.3266124 0.0920217 -0.0305703 -0.1263477 -0.1278968 -0.1282912 -0.0271930 0.3221394 0.4544921 0.3197891 0.4367529 -0.1290270 -0.1293041 -0.1291732 -0.1294361 -0.1297861 -0.1030159 -0.1037109 -0.1047846 -0.1039119 -0.1037136 -0.1032826 -0.1035076 -0.1044408 -0.1691588 -0.1692566 -0.1691746 -0.1699562 -0.1699063 -0.1695136 -0.1701410 -0.1702363 -0.1699694 -0.1689524 -0.1693911 -0.1696161 -0.1617369 -0.1598020 -0.1605127 -0.1598629 -0.1611229 -0.1612632 -0.1608074 -0.1616017 -0.1608444 -0.1610794 -0.1602748 -0.1603815
0.0372723 -0.1790521 -0.1755554 0.0917566 -0.1924006 -0.2085852 -0.1966313 0.0375487 -0.1776542 -0.1974509 -0.1775506 -0.1948358 -0.1782746 -0.1986627 -0.1826984 0.1290768 -0.1843388 -0.1789147 0.6062136 0.0384254 0.0922606 1.1841222 0.0645879 -0.1952169 -0.2112855 0.0377690 -0.1949943 0.0373589 -0.1784947 -0.1928001 0.1396114 0.6076666 0.0469079 -0.1960884 0.6174240 0.5947315 0.6111286 0.0907388 0.6118917 0.6073603 -0.1999324 0.0938042 -0.1918581 -0.2154464 0.6027452 0.6043154 0.0389423 -0.1959019 -0.1824848 -0.1962016 0.6044894 0.6118973 -0.1808976 -0.1968791 -0.2102489 -0.1834220 0.6111935 -0.1943335 -0.1929579 0.6058525 0.6016098 -0.1791523 -0.1977059 -0.1832846 -0.1964563 -0.1824438 0.1738612 -0.1788377 -0.1976030 -0.1778182 -0.2090842 0.6061513 0.0955102 -0.1850173 -0.2112773 0.6068105 0.6136270 -0.1996496 0.5991086 -0.1961200 0.0372928 0.6074875 -0.1977360 -0.2067914 0.6186213 -0.1753973 -0.1944001 0.0384936 0.0373841 -0.2011444 -0.1797302 -0.1728946 -0.1967970 0.6092238 -0.0602828 -0.1790302 0.6050012 0.2026386 -0.1974233 0.6053239 0.6066515 0.6153415 0.0939753 -0.1826837 0.6096027 -0.1539705 -0.1987357 -0.1973943 -0.1964522 0.1766398 -0.1797068 0.0921849 -0.1778967 0.0903122 -0.1986822 -0.1966410 -0.1956984 -0.1986455 -0.1956081 -0.1266657 -0.1278822 -0.1289522 -0.1279726 -0.1279988 -0.1269068 -0.1275665 -0.1282855 -0.1401259 -0.1408141 -0.1401262 -0.1410667 -0.1410683 -0.1405283 -0.1416668 -0.1416111 -0.1408202 -0.1404094 -0.1409815 -0.1409530 -0.1383126 -0.1365476 -0.1375718 -0.1365916 -0.1384248 -0.1380871 -0.1377938 -0.1382707 -0.1376232 -0.1378091 -0.1372890 -0.1373943
0.3842583 -0.0276768 -0.0269284 -0.1707186 -0.0310076 0.0668734 -0.0292806 0.3858917 -0.0263078 -0.0327365 -0.0279779 -0.0322738 -0.0283537 -0.0293569 -0.0260810 0.2087225 -0.0254095 -0.0284349 0.0642615 0.3920984 -0.1712739 0.0645879 1.0731273 -0.0329190 0.0460614 0.3851167 -0.0324958 0.3846892 -0.0272243 -0.0321481 0.2684735 0.0640074 0.1095742 -0.0284839 0.0689414 0.0707712 0.0682790 -0.1693353 0.0639770 0.0632387 -0.0293574 -0.1713270 -0.0320781 0.0582226 0.0636145 0.0636532 0.3924390 -0.0330531 0.0585387 -0.0324472 0.0628811 0.0673359 -0.0278331 -0.0332956 0.0434553 -0.0239583 0.0642184 -0.0323048 -0.0321944 0.0634432 0.0634783 -0.0281979 -0.0317947 -0.0244325 -0.0291720 -0.0248768 0.0593848 -0.0276801 -0.0324622 -0.0281062 0.0609068 0.0635180 -0.1737559 -0.0250747 0.0449304 0.0634393 0.0669696 -0.0300993 0.0627917 -0.0328725 0.3857601 0.0635986 -0.0324357 0.0587308 0.0701061 -0.0276541 -0.0318363 0.3896522 0.3853660 -0.0283706 -0.0281289 -0.0464689 -0.0321089 0.0662058 0.0894983 -0.0272240 0.0626857 0.2292338 -0.0327263 0.0633808 0.0639930 0.0676762 -0.1712391 -0.0259057 0.0636329 0.0197367 -0.0294630 -0.0329383 -0.0325213 0.0399830 -0.0289787 -0.1707088 -0.0279540 -0.1673160 -0.0290131 -0.0321111 -0.0319637 -0.0328391 -0.0322188 -0.0513914 -0.0524272 -0.0532331 -0.0521931 -0.0525411 -0.0517396 -0.0522827 -0.0530766 -0.1411253 -0.1412003 -0.1411142 -0.1414157 -0.1417855 -0.1414581 -0.1422800 -0.1420248 -0.1415031 -0.1411415 -0.1416294 -0.1414105 -0.1518015 -0.1499412 -0.1510085 -0.1507325 -0.1512867 -0.1513411 -0.1509833 -0.1516761 -0.1513962 -0.1517279 -0.1509245 -0.1512037
-0.1197058 -0.1578005 -0.1552191 -0.1261450 0.4131514 0.2863903 0.4256780 -0.1200093 -0.1569645 0.4262531 -0.1570352 0.4187372 -0.1570553 0.4314843 -0.1586072 -0.1504841 -0.1597361 -0.1572018 -0.1942030 -0.1201939 -0.1275544 -0.1952169 -0.0329190 1.1034285 0.3079706 -0.1196141 0.4177508 -0.1197766 -0.1575789 0.4164569 -0.1609935 -0.1944427 0.1391319 0.4253326 -0.1977011 -0.1945732 -0.1966501 -0.1273144 -0.1950922 -0.1943453 0.4307453 -0.1309840 0.4137584 0.3085815 -0.1931458 -0.1935341 -0.1208114 0.4244929 0.2550152 0.4208975 -0.1935422 -0.1966558 -0.1576625 0.4275058 0.3074811 -0.1593530 -0.1950351 0.4188829 0.4160530 -0.1939400 -0.1938330 -0.1578570 0.4239163 -0.1600282 0.4285803 -0.1585623 -0.1241406 -0.1574835 0.4287428 -0.1572688 0.2911606 -0.1946736 -0.1325186 -0.1593215 0.3081635 -0.1944821 -0.1966882 0.4336528 -0.1921849 0.4220577 -0.1189947 -0.1942582 0.4304899 0.2902718 -0.1976973 -0.1567373 0.4168046 -0.1207831 -0.1195392 0.4382013 -0.1587889 -0.1510375 0.4223315 -0.1960228 0.0457598 -0.1568678 -0.1939836 -0.1526599 0.4253524 -0.1943377 -0.1950073 -0.1974217 -0.1280698 -0.1589867 -0.1952311 0.1704644 0.4290111 0.4270123 0.4243511 -0.1165154 -0.1575656 -0.1277972 -0.1571751 -0.1257808 0.4317623 0.4244129 0.4203381 0.4281757 0.4200852 -0.1876909 -0.1882320 -0.1892079 -0.1885764 -0.1886311 -0.1884033 -0.1887610 -0.1889495 -0.1814442 -0.1814621 -0.1814627 -0.1819180 -0.1827020 -0.1817854 -0.1828663 -0.1832310 -0.1823816 -0.1811841 -0.1822349 -0.1821442 -0.1738450 -0.1710149 -0.1724230 -0.1713282 -0.1733241 -0.1733370 -0.1727400 -0.1734436 -0.1728425 -0.1737953 -0.1724972 -0.1727110
