0.0000999 0.0000999 0.9667636 0.0326670 0.0001698 0.0000999 0.0000999
0.8243644 0.0000989 0.1751411 0.0000989 0.0000989 0.0000989 0.0000989
0.8193625 0.0000996 0.1801394 0.0000996 0.0000996 0.0000996 0.0000996
0.6166971 0.0334066 0.0000971 0.3202195 0.0000971 0.0293855 0.0000971
0.0001004 0.9684391 0.0010665 0.0203848 0.0084709 0.0001004 0.0014378
0.0533134 0.7305687 0.1841778 0.0000986 0.0000986 0.0316443 0.0000986
0.0001002 0.9805940 0.0001002 0.0176782 0.0012101 0.0001002 0.0002170
0.0000998 0.0000998 0.9675469 0.0319542 0.0000998 0.0000998 0.0000998
0.8211880 0.0000991 0.1783164 0.0000991 0.0000991 0.0000991 0.0000991
0.0001002 0.9817554 0.0001002 0.0159721 0.0017497 0.0001002 0.0002223
0.8233858 0.0000993 0.1761179 0.0000993 0.0000993 0.0000993 0.0000993
0.0001003 0.9745545 0.0001003 0.0182594 0.0055052 0.0001003 0.0013799
0.8247367 0.0000991 0.1747678 0.0000991 0.0000991 0.0000991 0.0000991
0.0001000 0.9837906 0.0001000 0.0157095 0.0001000 0.0001000 0.0001000
0.8303390 0.0000985 0.1691685 0.0000985 0.0000985 0.0000985 0.0000985
0.0000995 0.0000995 0.4873577 0.2381474 0.0000995 0.2740969 0.0000995
0.8299496 0.0000984 0.1695585 0.0000984 0.0000984 0.0000984 0.0000984
0.8261325 0.0000991 0.1733722 0.0000991 0.0000991 0.0000991 0.0000991
0.0001000 0.0001000 0.0443389 0.9551609 0.0001000 0.0001000 0.0001000
0.0000995 0.0000995 0.9688175 0.0306848 0.0000995 0.0000995 0.0000995
0.6204562 0.0309847 0.0000970 0.3201137 0.0000970 0.0281543 0.0000970
0.0000999 0.0000999 0.0424753 0.9570253 0.0000999 0.0000999 0.0000999
0.0001004 0.1758901 0.6216133 0.1517990 0.0001004 0.0503962 0.0001004
0.0001002 0.9776013 0.0001002 0.0178799 0.0036645 0.0001002 0.0005537
0.0519610 0.7743565 0.1516047 0.0000990 0.0000990 0.0217806 0.0000990
0.0000998 0.0000998 0.9670116 0.0324893 0.0000998 0.0000998 0.0000998
0.0001004 0.9758047 0.0001004 0.0182871 0.0046259 0.0001004 0.0009812
0.0000999 0.0000999 0.9669788 0.0325218 0.0000999 0.0000999 0.0000999
0.8233669 0.0000990 0.1761378 0.0000990 0.0000990 0.0000990 0.0000990
0.0001004 0.9727078 0.0001004 0.0201498 0.0057150 0.0001004 0.0011263
0.0000995 0.0000995 0.6450673 0.2179240 0.0171256 0.1181485 0.0015355
0.0001000 0.0001000 0.0434710 0.9560291 0.0001000 0.0001000 0.0001000
0.0000990 0.4670644 0.2437074 0.2171676 0.0153908 0.0359804 0.0205904
0.0001002 0.9792410 0.0001002 0.0184096 0.0017876 0.0001002 0.0002610
0.0000996 0.0000996 0.0414491 0.9580529 0.0000996 0.0000996 0.0000996
0.0001003 0.0001003 0.0544416 0.9396187 0.0001003 0.0055386 0.0001003
0.0000998 0.0000998 0.0442935 0.9552073 0.0000998 0.0000998 0.0000998
0.6200032 0.0324240 0.0000972 0.3202574 0.0000972 0.0270237 0.0000972
0.0000998 0.0000998 0.0416037 0.9578972 0.0000998 0.0000998 0.0000998
0.0000999 0.0000999 0.0426593 0.9568410 0.0000999 0.0000999 0.0000999
0.0001001 0.9847829 0.0001001 0.0146021 0.0002146 0.0001001 0.0001001
0.6237829 0.0267166 0.0000966 0.3199487 0.0000966 0.0292617 0.0000966
0.0003921 0.9698079 0.0001005 0.0226359 0.0057242 0.0001005 0.0012391
0.0463462 0.7638309 0.1568982 0.0000984 0.0000984 0.0326296 0.0000984
0.0001001 0.0001001 0.0450380 0.9544614 0.0001001 0.0001001 0.0001001
0.0001000 0.0001000 0.0440098 0.9554900 0.0001000 0.0001000 0.0001000
0.0000995 0.0000995 0.9686946 0.0308079 0.0000995 0.0000995 0.0000995
0.0001001 0.9805265 0.0001001 0.0177513 0.0013216 0.0001001 0.0001001
0.0600111 0.6938381 0.1829190 0.0000996 0.0000996 0.0629330 0.0000996
0.0001003 0.9767581 0.0001003 0.0169067 0.0056499 0.0001003 0.0003844
0.0001001 0.0001001 0.0433015 0.9561979 0.0001001 0.0001001 0.0001001
0.0000998 0.0000998 0.0431940 0.9563069 0.0000998 0.0000998 0.0000998
0.8275535 0.0000987 0.1719526 0.0000987 0.0000987 0.0000987 0.0000987
0.0001001 0.9803873 0.0001001 0.0160859 0.0030779 0.0001001 0.0001485
0.0520167 0.7752781 0.1499907 0.0000992 0.0000992 0.0224169 0.0000992
0.8285993 0.0000983 0.1709089 0.0000983 0.0000983 0.0000983 0.0000983
0.0000998 0.0000998 0.0420841 0.9574170 0.0000998 0.0000998 0.0000998
0.0001003 0.9749451 0.0001003 0.0186709 0.0047952 0.0001003 0.0012879
0.0001004 0.9723588 0.0001004 0.0203229 0.0055685 0.0001004 0.0014486
0.0001000 0.0001000 0.0437679 0.9557320 0.0001000 0.0001000 0.0001000
0.0001002 0.0001002 0.0455831 0.9539157 0.0001002 0.0001002 0.0001002
0.8256151 0.0000990 0.1738898 0.0000990 0.0000990 0.0000990 0.0000990
0.0001002 0.9808335 0.0001002 0.0155008 0.0031112 0.0001002 0.0002539
0.8278953 0.0000984 0.1716127 0.0000984 0.0000984 0.0000984 0.0000984
0.0001001 0.9814116 0.0001001 0.0180880 0.0001001 0.0001001 0.0001001
0.8275213 0.0000985 0.1719861 0.0000985 0.0000985 0.0000985 0.0000985
0.0001006 0.0798008 0.1134704 0.3872311 0.0001006 0.4191960 0.0001006
0.8241320 0.0000990 0.1753729 0.0000990 0.0000990 0.0000990 0.0000990
0.0001001 0.9825968 0.0001001 0.0159515 0.0010513 0.0001001 0.0001001
0.8240904 0.0000992 0.1754137 0.0000992 0.0000992 0.0000992 0.0000992
0.0546500 0.7384324 0.1788244 0.0000988 0.0000988 0.0277969 0.0000988
0.0001000 0.0001000 0.0433532 0.9561470 0.0001000 0.0001000 0.0001000
0.6243217 0.0243665 0.0000964 0.3205765 0.0000964 0.0304459 0.0000964
0.8295176 0.0000984 0.1699906 0.0000984 0.0000984 0.0000984 0.0000984
0.0541294 0.7742398 0.1481296 0.0000991 0.0000991 0.0232040 0.0000991
0.0001000 0.0001000 0.0429485 0.9565518 0.0001000 0.0001000 0.0001000
0.0000997 0.0000997 0.0418909 0.9576105 0.0000997 0.0000997 0.0000997
0.0000999 0.9849892 0.0000999 0.0145113 0.0000999 0.0000999 0.0000999
0.0001003 0.0001003 0.0460603 0.9534382 0.0001003 0.0001003 0.0001003
0.0001002 0.9781879 0.0001002 0.0169126 0.0033881 0.0001002 0.0012106
0.0000998 0.0000998 0.9679189 0.0315819 0.0000998 0.0000998 0.0000998
0.0001000 0.0001000 0.0432897 0.9562101 0.0001000 0.0001000 0.0001000
0.0001001 0.9823452 0.0001001 0.0155450 0.0017094 0.0001001 0.0001001
0.0549938 0.7405348 0.1805277 0.0000990 0.0000990 0.0236467 0.0000990
0.0000996 0.0000996 0.0421805 0.9573216 0.0000996 0.0000996 0.0000996
0.8216251 0.0000994 0.1778777 0.0000994 0.0000994 0.0000994 0.0000994
0.0001004 0.9730640 0.0001004 0.0184599 0.0060291 0.0001004 0.0021458
0.0000997 0.0000997 0.9673380 0.0321633 0.0000997 0.0000997 0.0000997
0.0000999 0.0000999 0.9673587 0.0320639 0.0001778 0.0000999 0.0000999
0.0000997 0.9864647 0.0000997 0.0130367 0.0000997 0.0000997 0.0000997
0.8272074 0.0000989 0.1722981 0.0000989 0.0000989 0.0000989 0.0000989
0.8512757 0.0001002 0.1482230 0.0001002 0.0001002 0.0001002 0.0001002
0.0001003 0.9795319 0.0001003 0.0166073 0.0030990 0.0001003 0.0004609
0.0001000 0.0001000 0.0431752 0.9563249 0.0001000 0.0001000 0.0001000
0.1671874 0.3408522 0.3720506 0.0678443 0.0024268 0.0495375 0.0001013
0.8248932 0.0000990 0.1746118 0.0000990 0.0000990 0.0000990 0.0000990
0.0001000 0.0001000 0.0433128 0.9561871 0.0001000 0.0001000 0.0001000
0.0000984 0.0000984 0.4272067 0.3312587 0.0000984 0.2411411 0.0000984
0.0001002 0.9809904 0.0001002 0.0158112 0.0022814 0.0001002 0.0006165
0.0001000 0.0001000 0.0437166 0.9557831 0.0001000 0.0001000 0.0001000
0.0001000 0.0001000 0.0438102 0.9556899 0.0001000 0.0001000 0.0001000
0.0000996 0.0000996 0.0420706 0.9574311 0.0000996 0.0000996 0.0000996
0.6196337 0.0303305 0.0000970 0.3222318 0.0000970 0.0275129 0.0000970
0.8292218 0.0000985 0.1702858 0.0000985 0.0000985 0.0000985 0.0000985
0.0000999 0.0000999 0.0422868 0.9572139 0.0000999 0.0000999 0.0000999
0.2246949 0.5472137 0.2276893 0.0001005 0.0001005 0.0001005 0.0001005
0.0001001 0.9825796 0.0001001 0.0168546 0.0001001 0.0001653 0.0001001
0.0001001 0.9814234 0.0001001 0.0158480 0.0023281 0.0001001 0.0001001
0.0001002 0.9788659 0.0001002 0.0163156 0.0044177 0.0001002 0.0001002
0.0001009 0.0961525 0.0874072 0.4032485 0.0252603 0.3877297 0.0001009
0.8280542 0.0000989 0.1714512 0.0000989 0.0000989 0.0000989 0.0000989
0.6214221 0.0310482 0.0000971 0.3206519 0.0000971 0.0265865 0.0000971
0.8259950 0.0000991 0.1735094 0.0000991 0.0000991 0.0000991 0.0000991
0.6180361 0.0357413 0.0000975 0.3210341 0.0000975 0.0248960 0.0000975
0.0001000 0.9840460 0.0001000 0.0154541 0.0001000 0.0001000 0.0001000
0.0001002 0.9802834 0.0001002 0.0165245 0.0027913 0.0001002 0.0001002
0.0001003 0.9773377 0.0001003 0.0177096 0.0031777 0.0001003 0.0014743
0.0001001 0.9839228 0.0001001 0.0152158 0.0004609 0.0001001 0.0001001
0.0001003 0.9767805 0.0001003 0.0173621 0.0036319 0.0001003 0.0019246
0.0002025 0.0001000 0.0020066 0.0001000 0.0027491 0.9916844 0.0031574
0.0000999 0.0000999 0.0002447 0.0000999 0.0015423 0.9940379 0.0038753
0.0000997 0.0000997 0.0000997 0.0000997 0.0022439 0.9937516 0.0036056
0.0000999 0.0000999 0.0003097 0.0000999 0.0019772 0.9945415 0.0028719
0.0000999 0.0000999 0.0001200 0.0000999 0.0018029 0.9947603 0.0030171
0.0001184 0.0001000 0.0012695 0.0001000 0.0028216 0.9924269 0.0031637
0.0000999 0.0000999 0.0003043 0.0000999 0.0018827 0.9944429 0.0030702
0.0000998 0.0000998 0.0000998 0.0000998 0.0028430 0.9930571 0.0037006
0.0002026 0.0001028 0.0005950 0.0002932 0.0007306 0.0001002 0.9979756
0.0001303 0.0001211 0.0002286 0.0001001 0.0002116 0.0001001 0.9991081
0.0002496 0.0001423 0.0004980 0.0003676 0.0008180 0.0001002 0.9978244
0.0001000 0.0001000 0.0001000 0.0001000 0.0001000 0.0001000 0.9994001
0.0001000 0.0001000 0.0001000 0.0001000 0.0009161 0.0001000 0.9985842
0.0001001 0.0001001 0.0001443 0.0001001 0.0013853 0.0001001 0.9980699
0.0000999 0.0000999 0.0000999 0.0000999 0.0001717 0.0002173 0.9992113
0.0000999 0.0000999 0.0000999 0.0000999 0.0004553 0.0001945 0.9989505
0.0001000 0.0001000 0.0001000 0.0001000 0.0003619 0.0001000 0.9991380
0.0004467 0.0002178 0.0004348 0.0002171 0.0001001 0.0001001 0.9984832
0.0001000 0.0001000 0.0001000 0.0001000 0.0001000 0.0001000 0.9993999
0.0001000 0.0001000 0.0001000 0.0001000 0.0001000 0.0001000 0.9994001
0.0000999 0.0000999 0.0000999 0.0000999 0.9988525 0.0002184 0.0005296
0.0008207 0.0012210 0.0015341 0.0003963 0.9958275 0.0001002 0.0001002
0.0001007 0.0001003 0.0002877 0.0001001 0.9992110 0.0001001 0.0001001
0.0002996 0.0009136 0.0005912 0.0003504 0.9976449 0.0001002 0.0001002
0.0001000 0.0001000 0.0001000 0.0001000 0.9994003 0.0001000 0.0001000
0.0001000 0.0001000 0.0001000 0.0001000 0.9994003 0.0001000 0.0001000
0.0001000 0.0001000 0.0001000 0.0001000 0.9993999 0.0001000 0.0001000
0.0000999 0.0000999 0.0000999 0.0000999 0.9991750 0.0000999 0.0003255
0.0001000 0.0001000 0.0001000 0.0001000 0.9993998 0.0001000 0.0001000
0.0001000 0.0001000 0.0001000 0.0001000 0.9989123 0.0001959 0.0004919
0.0004659 0.0001002 0.0004785 0.0004942 0.9981105 0.0001665 0.0001843
0.0003143 0.0001001 0.0003293 0.0002672 0.9987603 0.0001001 0.0001287
