0.9570186 0.0093992 0.0093139 -0.0263098 -0.0070771 -0.0066259 -0.0109983 0.0992132 0.0094020 -0.0096432 0.0088759 -0.0079561 0.0093834 -0.0120253 0.0071322 0.0243418 0.0074436 0.0089675 0.0118132 0.1062796 -0.0265333 0.0119794 0.0389313 -0.0096813 -0.0060904 0.0959843 -0.0070687 0.0950834 0.0091562 -0.0073799 0.0373807 0.0119670 0.0031170 -0.0115832 0.0111873 0.0118460 0.0114974 -0.0233986 0.0118212 0.0123058 -0.0128314 -0.0313037 -0.0086222 -0.0103101 0.0121009 0.0121442 0.1066803 -0.0085117 -0.0074538 -0.0084593 0.0118858 0.0109686 0.0084726 -0.0103818 -0.0060331 0.0077334 0.0126908 -0.0073888 -0.0070534 0.0123069 0.0110687 0.0089031 -0.0089604 0.0073579 -0.0121397 0.0073902 -0.0041101 0.0089394 -0.0112024 0.0088069 -0.0059168 0.0121205 -0.0326660 0.0073054 -0.0070064 0.0119781 0.0105975 -0.0127435 0.0113003 -0.0083607 0.0996425 0.0114530 -0.0117498 -0.0048721 0.0110319 0.0090870 -0.0077127 0.0934218 0.0960880 -0.0139740 0.0089992 0.0046860 -0.0089351 0.0106612 0.0119338 0.0084036 0.0117449 0.0236784 -0.0093409 0.0115555 0.0118104 0.0108141 -0.0266016 0.0071089 0.0121673 0.0036648 -0.0133471 -0.0102464 -0.0096615 -0.0034771 0.0083778 -0.0270737 0.0082700 -0.0223288 -0.0127244 -0.0091148 -0.0079666 -0.0098219 -0.0081592 -0.0272065 -0.0309289 -0.0330038 -0.0307482 -0.0314156 -0.0283926 -0.0304006 -0.0314660 -0.0321120 -0.0337763 -0.0317806 -0.0361878 -0.0367781 -0.0330509 -0.0388328 -0.0387855 -0.0354684 -0.0315705 -0.0357463 -0.0358639 -0.0358951 -0.0257095 -0.0314211 -0.0281449 -0.0348636 -0.0350717 -0.0329247 -0.0355154 -0.0329663 -0.0352025 -0.0317290 -0.0322672
0.0093992 0.9700831 0.0911215 0.0520622 -0.0173171 -0.0051299 -0.0225178 0.0096142 0.0946619 -0.0210976 0.0906888 -0.0185907 0.0969322 -0.0239238 0.1106262 -0.0158779 0.1116484 0.0982582 -0.0262654 0.0087971 0.0518379 -0.0276119 -0.0062369 -0.0206545 -0.0041431 0.0100733 -0.0167981 0.0099258 0.0951145 -0.0176484 -0.0029287 -0.0252586 -0.0280756 -0.0239109 -0.0315885 -0.0291373 -0.0289224 0.0500510 -0.0277255 -0.0249885 -0.0245362 0.0561830 -0.0188954 -0.0086403 -0.0229026 -0.0235279 0.0086189 -0.0192601 -0.0036809 -0.0190805 -0.0246058 -0.0287358 0.1049175 -0.0217554 -0.0043752 0.1126786 -0.0261146 -0.0180521 -0.0173079 -0.0238912 -0.0227085 0.0974513 -0.0203386 0.1099998 -0.0240407 0.1056399 -0.0291825 0.0959713 -0.0229539 0.0933277 -0.0047350 -0.0244587 0.0570478 0.1112199 -0.0055628 -0.0250476 -0.0298012 -0.0248771 -0.0217420 -0.0188868 0.0088537 -0.0263034 -0.0235420 -0.0039600 -0.0316494 0.0885048 -0.0178928 0.0072422 0.0088927 -0.0267800 0.0995699 0.0962105 -0.0195752 -0.0278229 0.0082677 0.0984169 -0.0232387 -0.0213244 -0.0205752 -0.0240103 -0.0249180 -0.0303251 0.0515450 0.1070584 -0.0261979 0.0141050 -0.0250403 -0.0214192 -0.0209403 -0.0258064 0.1014909 0.0522128 0.0959242 0.0478550 -0.0250516 -0.0200359 -0.0181771 -0.0209016 -0.0183629 -0.0404786 -0.0450611 -0.0479926 -0.0450793 -0.0457330 -0.0419180 -0.0442605 -0.0460979 -0.0460683 -0.0477993 -0.0453078 -0.0510286 -0.0520840 -0.0468339 -0.0543024 -0.0542922 -0.0502248 -0.0446512 -0.0503243 -0.0506474 -0.0502272 -0.0368072 -0.0441784 -0.0400337 -0.0486626 -0.0489111 -0.0462221 -0.0496751 -0.0463814 -0.0493614 -0.0448681 -0.0454265
0.0093139 0.0911215 0.9732309 0.0481276 -0.0155016 -0.0041007 -0.0205241 0.0086175 0.0873698 -0.0195806 0.0827068 -0.0172838 0.0898872 -0.0223872 0.0994496 -0.0142460 0.1005398 0.0889103 -0.0240358 0.0078027 0.0476188 -0.0251679 -0.0054942 -0.0190511 -0.0030752 0.0094348 -0.0151755 0.0097332 0.0864265 -0.0163331 -0.0015648 -0.0231235 -0.0254457 -0.0215334 -0.0288037 -0.0258938 -0.0262824 0.0460837 -0.0254540 -0.0226433 -0.0226870 0.0507815 -0.0166646 -0.0074977 -0.0209644 -0.0215028 0.0080894 -0.0174109 -0.0020200 -0.0174419 -0.0225155 -0.0260142 0.0950966 -0.0202804 -0.0035113 0.1017859 -0.0238846 -0.0168387 -0.0159025 -0.0215789 -0.0207416 0.0901735 -0.0183398 0.1004784 -0.0219285 0.0971201 -0.0253080 0.0881813 -0.0212066 0.0853382 -0.0036830 -0.0223497 0.0507293 0.1004014 -0.0051696 -0.0229003 -0.0271924 -0.0229423 -0.0196900 -0.0175066 0.0083478 -0.0242029 -0.0217228 -0.0036350 -0.0287345 0.0822898 -0.0159166 0.0075464 0.0088491 -0.0246325 0.0918911 0.0876262 -0.0175819 -0.0251695 0.0080904 0.0895261 -0.0213092 -0.0190620 -0.0189016 -0.0220655 -0.0225900 -0.0278694 0.0465495 0.0961518 -0.0238343 0.0132712 -0.0226860 -0.0199053 -0.0191208 -0.0236707 0.0911742 0.0477001 0.0873241 0.0447369 -0.0230233 -0.0184602 -0.0163142 -0.0195235 -0.0163127 -0.0376088 -0.0417138 -0.0444253 -0.0416536 -0.0423785 -0.0390465 -0.0410195 -0.0425482 -0.0424709 -0.0441718 -0.0420055 -0.0469653 -0.0479619 -0.0431183 -0.0498655 -0.0497623 -0.0462563 -0.0414732 -0.0463121 -0.0464524 -0.0463603 -0.0344095 -0.0410309 -0.0372742 -0.0450386 -0.0452559 -0.0428177 -0.0458272 -0.0428805 -0.0455992 -0.0416067 -0.0420224
-0.0263098 0.0520622 0.0481276 0.9680455 -0.0212361 -0.0141349 -0.0245757 -0.0284987 0.0499702 -0.0237768 0.0479702 -0.0216095 0.0507804 -0.0260348 0.0626693 -0.0072907 0.0629745 0.0525245 0.0099397 -0.0322200 0.1085561 0.0108213 -0.0175507 -0.0228342 -0.0143243 -0.0271741 -0.0219541 -0.0265066 0.0497598 -0.0215170 -0.0183852 0.0096315 -0.0317760 -0.0255762 0.0112214 0.0107602 0.0104400 0.0971619 0.0116625 0.0098046 -0.0263287 0.1180672 -0.0217090 -0.0160452 0.0086021 0.0090433 -0.0320754 -0.0231923 -0.0096122 -0.0226677 0.0093789 0.0102448 0.0578898 -0.0243588 -0.0140714 0.0627368 0.0099876 -0.0222397 -0.0214677 0.0088781 0.0081543 0.0513061 -0.0236372 0.0615015 -0.0263182 0.0593267 0.0020903 0.0509526 -0.0247705 0.0493533 -0.0132463 0.0095411 0.1217354 0.0626504 -0.0141812 0.0097780 0.0107554 -0.0265314 0.0075190 -0.0227275 -0.0289800 0.0104503 -0.0252233 -0.0133151 0.0105396 0.0455992 -0.0217646 -0.0281968 -0.0273434 -0.0290659 0.0534963 0.0547808 -0.0233231 0.0098004 -0.0011531 0.0548189 0.0087917 -0.0017149 -0.0235627 0.0092080 0.0098197 0.0108469 0.1073462 0.0613664 0.0100699 0.0014796 -0.0264687 -0.0233453 -0.0230856 0.0012922 0.0558489 0.1069048 0.0535326 0.0893271 -0.0270045 -0.0235823 -0.0224585 -0.0249228 -0.0227449 -0.0360458 -0.0404333 -0.0430600 -0.0402203 -0.0410481 -0.0375911 -0.0395783 -0.0414629 -0.0425403 -0.0444195 -0.0416895 -0.0474127 -0.0484679 -0.0434297 -0.0507533 -0.0506912 -0.0466502 -0.0412295 -0.0466217 -0.0468737 -0.0458972 -0.0333302 -0.0401737 -0.0361566 -0.0443964 -0.0446852 -0.0420188 -0.0454756 -0.0424116 -0.0451341 -0.0408955 -0.0413815
-0.0070771 -0.0173171 -0.0155016 -0.0212361 0.9512064 0.0409663 0.0708377 -0.0084519 -0.0166042 0.0698315 -0.0165328 0.0634858 -0.0171673 0.0740555 -0.0232316 -0.0200901 -0.0227236 -0.0181369 -0.0287169 -0.0109484 -0.0218423 -0.0301690 -0.0019079 0.0671872 0.0425579 -0.0074656 0.0647499 -0.0069602 -0.0175576 0.0638418 -0.0185993 -0.0276371 0.0232246 0.0728495 -0.0342252 -0.0314450 -0.0313024 -0.0188503 -0.0302171 -0.0271562 0.0722472 -0.0253043 0.0666747 0.0452222 -0.0251889 -0.0258632 -0.0109673 0.0688218 0.0345438 0.0655658 -0.0269374 -0.0312170 -0.0205696 0.0696668 0.0413305 -0.0234777 -0.0285216 0.0648740 0.0627397 -0.0261015 -0.0251517 -0.0178530 0.0676383 -0.0225069 0.0741507 -0.0217670 -0.0195015 -0.0171916 0.0725026 -0.0170217 0.0360011 -0.0270698 -0.0259617 -0.0236083 0.0422978 -0.0273996 -0.0322370 0.0729733 -0.0235456 0.0663358 -0.0088705 -0.0290299 0.0709284 0.0373115 -0.0338897 -0.0158762 0.0637112 -0.0096133 -0.0084674 0.0784648 -0.0188855 -0.0167137 0.0666928 -0.0298336 0.0077380 -0.0187298 -0.0255305 -0.0227077 0.0684527 -0.0265347 -0.0276085 -0.0328313 -0.0218940 -0.0227742 -0.0288260 0.0222624 0.0740904 0.0695762 0.0669973 -0.0155707 -0.0199674 -0.0221705 -0.0190287 -0.0179213 0.0734655 0.0683140 0.0656866 0.0712831 0.0650256 -0.0340628 -0.0379352 -0.0402628 -0.0378402 -0.0385400 -0.0355041 -0.0373390 -0.0387545 -0.0397175 -0.0412485 -0.0391156 -0.0436385 -0.0446455 -0.0403314 -0.0466424 -0.0463908 -0.0431702 -0.0387560 -0.0432572 -0.0434222 -0.0422868 -0.0313672 -0.0376928 -0.0337786 -0.0412263 -0.0413606 -0.0392636 -0.0418318 -0.0395037 -0.0416721 -0.0381231 -0.0385885
-0.0066259 -0.0051299 -0.0041007 -0.0141349 0.0409663 0.9704106 0.0527554 -0.0070148 -0.0052391 0.0464994 -0.0051404 0.0403641 -0.0058237 0.0549222 -0.0035424 -0.0078922 -0.0034645 -0.0053092 -0.0362473 -0.0062477 -0.0150246 -0.0378831 0.0258320 0.0450772 0.0975625 -0.0070698 0.0392429 -0.0071185 -0.0049167 0.0398491 -0.0092094 -0.0353220 0.0368177 0.0549887 -0.0411661 -0.0362724 -0.0378778 -0.0148211 -0.0384786 -0.0355972 0.0541989 -0.0152549 0.0446111 0.1240418 -0.0328976 -0.0337279 -0.0059159 0.0432609 0.0949773 0.0416431 -0.0344373 -0.0377000 -0.0050435 0.0474011 0.0942856 -0.0032721 -0.0373186 0.0406689 0.0394884 -0.0343756 -0.0316768 -0.0053524 0.0450020 -0.0026685 0.0555786 -0.0024773 -0.0342543 -0.0051402 0.0507329 -0.0049930 0.1027862 -0.0351508 -0.0159934 -0.0037372 0.1007679 -0.0355572 -0.0390863 0.0544885 -0.0303637 0.0418399 -0.0068821 -0.0362057 0.0498728 0.0987481 -0.0412272 -0.0055213 0.0395085 -0.0059262 -0.0065815 0.0594854 -0.0055729 -0.0069333 0.0434141 -0.0361949 0.0437757 -0.0041866 -0.0336511 -0.0091495 0.0445419 -0.0338258 -0.0346670 -0.0398670 -0.0154221 -0.0037288 -0.0372592 0.0588777 0.0564571 0.0470636 0.0450368 -0.0348407 -0.0053903 -0.0157766 -0.0047885 -0.0140890 0.0551187 0.0443063 0.0410350 0.0472902 0.0407733 -0.0371122 -0.0414951 -0.0440141 -0.0412007 -0.0421863 -0.0386330 -0.0405103 -0.0424920 -0.0437002 -0.0453010 -0.0427964 -0.0484026 -0.0496434 -0.0442704 -0.0515667 -0.0513434 -0.0478069 -0.0422052 -0.0476257 -0.0476399 -0.0482879 -0.0348666 -0.0422074 -0.0377220 -0.0464655 -0.0469821 -0.0438511 -0.0478124 -0.0443901 -0.0473803 -0.0423982 -0.0432414
-0.0109983 -0.0225178 -0.0205241 -0.0245757 0.0708377 0.0527554 0.9456794 -0.0120353 -0.0219096 0.0820690 -0.0213622 0.0717054 -0.0222915 0.0951619 -0.0238885 -0.0228153 -0.0236487 -0.0224175 -0.0349501 -0.0114098 -0.0248125 -0.0368336 0.0014050 0.0801424 0.0487091 -0.0113800 0.0698293 -0.0113652 -0.0216861 0.0709487 -0.0248385 -0.0342617 0.0272096 0.0956973 -0.0394986 -0.0365796 -0.0361574 -0.0237794 -0.0372642 -0.0347336 0.0937596 -0.0254277 0.0754352 0.0622395 -0.0321239 -0.0329272 -0.0107510 0.0765494 0.0374345 0.0738595 -0.0337517 -0.0360301 -0.0237850 0.0842057 0.0470990 -0.0236652 -0.0362285 0.0718851 0.0692273 -0.0335213 -0.0308351 -0.0225043 0.0786399 -0.0226989 0.0985883 -0.0220548 -0.0210937 -0.0218528 0.0884950 -0.0214447 0.0476289 -0.0341613 -0.0270810 -0.0241806 0.0500330 -0.0344983 -0.0373111 0.0955989 -0.0298320 0.0741207 -0.0115155 -0.0352662 0.0892588 0.0435964 -0.0390160 -0.0203359 0.0713647 -0.0096239 -0.0108271 0.1023631 -0.0230518 -0.0206189 0.0766594 -0.0346311 0.0107846 -0.0220771 -0.0328285 -0.0249582 0.0787857 -0.0330783 -0.0339498 -0.0380534 -0.0249045 -0.0233912 -0.0360508 0.0249674 0.0953484 0.0829135 0.0798972 -0.0191697 -0.0233567 -0.0247404 -0.0220644 -0.0225148 0.0967561 0.0784454 0.0726143 0.0825968 0.0731398 -0.0412963 -0.0459546 -0.0490587 -0.0457864 -0.0467833 -0.0428956 -0.0450676 -0.0470476 -0.0480609 -0.0494411 -0.0470295 -0.0527831 -0.0541546 -0.0486665 -0.0562877 -0.0562008 -0.0523889 -0.0463008 -0.0520128 -0.0523949 -0.0516221 -0.0376044 -0.0453151 -0.0406347 -0.0500335 -0.0502080 -0.0473258 -0.0512331 -0.0479857 -0.0509122 -0.0458099 -0.0464944
0.0992132 0.0096142 0.0086175 -0.0284987 -0.0084519 -0.0070148 -0.0120353 0.9529160 0.0102273 -0.0107726 0.0096073 -0.0085428 0.0097105 -0.0126380 0.0101710 0.0270368 0.0089382 0.0095351 0.0127057 0.1187632 -0.0287887 0.0128317 0.0430207 -0.0104720 -0.0074937 0.1013420 -0.0086454 0.0992514 0.0090271 -0.0086381 0.0385949 0.0123032 0.0029111 -0.0125633 0.0137662 0.0126172 0.0122368 -0.0254201 0.0137570 0.0130203 -0.0130060 -0.0334340 -0.0098933 -0.0104130 0.0126041 0.0126704 0.1195254 -0.0094074 -0.0083770 -0.0092476 0.0123233 0.0119644 0.0095761 -0.0111038 -0.0073443 0.0090653 0.0130222 -0.0085755 -0.0081381 0.0122710 0.0110384 0.0092819 -0.0102631 0.0086068 -0.0135112 0.0089224 -0.0037986 0.0102817 -0.0114377 0.0098157 -0.0057795 0.0131585 -0.0348404 0.0100778 -0.0074806 0.0130782 0.0129180 -0.0128774 0.0114865 -0.0089975 0.1088127 0.0126754 -0.0120476 -0.0051656 0.0120289 0.0088033 -0.0087370 0.1018909 0.1016268 -0.0146584 0.0094455 0.0049194 -0.0102398 0.0113137 0.0130627 0.0097425 0.0128662 0.0283643 -0.0100298 0.0122499 0.0126111 0.0131544 -0.0285519 0.0096959 0.0133524 0.0035671 -0.0139844 -0.0108616 -0.0103352 -0.0037790 0.0093998 -0.0292307 0.0090515 -0.0245383 -0.0131345 -0.0103397 -0.0093622 -0.0109805 -0.0095439 -0.0299058 -0.0339532 -0.0362932 -0.0336059 -0.0343004 -0.0310857 -0.0331431 -0.0345902 -0.0353019 -0.0372590 -0.0347737 -0.0398650 -0.0406258 -0.0360922 -0.0428221 -0.0427699 -0.0389513 -0.0342919 -0.0392899 -0.0392568 -0.0394752 -0.0277010 -0.0343350 -0.0304452 -0.0382915 -0.0383465 -0.0359511 -0.0390082 -0.0361040 -0.0386260 -0.0346615 -0.0350833
0.0094020 0.0946619 0.0873698 0.0499702 -0.0166042 -0.0052391 -0.0219096 0.0102273 0.9702002 -0.0203085 0.0874500 -0.0179864 0.0945820 -0.0231352 0.1064997 -0.0149627 0.1060364 0.0941936 -0.0248733 0.0090205 0.0493935 -0.0262899 -0.0055468 -0.0198602 -0.0044913 0.0097172 -0.0164434 0.0094907 0.0898245 -0.0173376 -0.0024911 -0.0242687 -0.0269760 -0.0230953 -0.0299451 -0.0280316 -0.0277103 0.0482302 -0.0262246 -0.0236391 -0.0233758 0.0538036 -0.0179050 -0.0081462 -0.0217648 -0.0222308 0.0090216 -0.0181162 -0.0034864 -0.0182618 -0.0236119 -0.0271407 0.0998589 -0.0211113 -0.0043862 0.1066660 -0.0248971 -0.0176124 -0.0168374 -0.0226829 -0.0218671 0.0921218 -0.0195306 0.1040181 -0.0237420 0.1013346 -0.0275096 0.0942385 -0.0216751 0.0899367 -0.0044116 -0.0230179 0.0542949 0.1079095 -0.0053166 -0.0237270 -0.0282593 -0.0237567 -0.0206342 -0.0182112 0.0090055 -0.0252431 -0.0227901 -0.0038972 -0.0302387 0.0846465 -0.0173716 0.0075003 0.0087480 -0.0258837 0.0952469 0.0910169 -0.0188261 -0.0262299 0.0077236 0.0951533 -0.0218363 -0.0201009 -0.0198337 -0.0228101 -0.0235732 -0.0286004 0.0491626 0.1032149 -0.0248076 0.0132324 -0.0240271 -0.0206608 -0.0202530 -0.0247526 0.0963108 0.0496296 0.0912124 0.0454119 -0.0242537 -0.0193934 -0.0176900 -0.0205867 -0.0175753 -0.0387767 -0.0434509 -0.0460508 -0.0432164 -0.0439517 -0.0403668 -0.0425275 -0.0443372 -0.0442872 -0.0458155 -0.0435875 -0.0488880 -0.0499755 -0.0450283 -0.0518202 -0.0518784 -0.0480971 -0.0430708 -0.0482403 -0.0484016 -0.0480415 -0.0354692 -0.0424241 -0.0383117 -0.0466379 -0.0468954 -0.0444004 -0.0474626 -0.0444501 -0.0473569 -0.0431142 -0.0436630
-0.0096432 -0.0210976 -0.0195806 -0.0237768 0.0698315 0.0464994 0.0820690 -0.0107726 -0.0203085 0.9388114 -0.0197126 0.0740139 -0.0206125 0.0898561 -0.0252875 -0.0235014 -0.0251913 -0.0210268 -0.0334861 -0.0123299 -0.0242889 -0.0355504 -0.0018415 0.0794407 0.0486945 -0.0098213 0.0729287 -0.0100825 -0.0204429 0.0717478 -0.0237174 -0.0331324 0.0272548 0.0843995 -0.0398018 -0.0377954 -0.0371197 -0.0225642 -0.0355676 -0.0327327 0.0895983 -0.0273659 0.0768518 0.0553979 -0.0306121 -0.0310666 -0.0123780 0.0796341 0.0392256 0.0761602 -0.0320251 -0.0365715 -0.0227860 0.0833869 0.0470883 -0.0254829 -0.0341168 0.0744400 0.0706591 -0.0318203 -0.0297861 -0.0209953 0.0783928 -0.0261221 0.0860508 -0.0249156 -0.0228111 -0.0203619 0.0885232 -0.0200770 0.0429298 -0.0322052 -0.0285295 -0.0257000 0.0504471 -0.0327107 -0.0374296 0.0901458 -0.0283300 0.0762386 -0.0106022 -0.0337634 0.0869130 0.0435720 -0.0396675 -0.0191265 0.0711396 -0.0113125 -0.0101768 0.0963379 -0.0218859 -0.0195520 0.0767849 -0.0353052 0.0079792 -0.0210783 -0.0311384 -0.0263662 0.0812841 -0.0310997 -0.0324476 -0.0382613 -0.0239368 -0.0247777 -0.0343479 0.0258099 0.0918744 0.0841607 0.0800930 -0.0182752 -0.0220331 -0.0241496 -0.0213289 -0.0212548 0.0896413 0.0803656 0.0735056 0.0839445 0.0737563 -0.0397259 -0.0445800 -0.0475145 -0.0443376 -0.0452354 -0.0413533 -0.0437298 -0.0453884 -0.0462827 -0.0480494 -0.0453883 -0.0511338 -0.0524408 -0.0470797 -0.0548652 -0.0546158 -0.0508553 -0.0450947 -0.0506123 -0.0508602 -0.0497667 -0.0363439 -0.0438438 -0.0393520 -0.0485142 -0.0488597 -0.0459227 -0.0494396 -0.0462506 -0.0490752 -0.0446204 -0.0451915
0.0088759 0.0906888 0.0827068 0.0479702 -0.0165328 -0.0051404 -0.0213622 0.0096073 0.0874500 -0.0197126 0.9696588 -0.0170299 0.0893640 -0.0226209 0.1022937 -0.0144241 0.1010160 0.0907223 -0.0238885 0.0083359 0.0481761 -0.0252733 -0.0056560 -0.0189687 -0.0042946 0.0090857 -0.0162706 0.0091639 0.0874135 -0.0167316 -0.0024761 -0.0232370 -0.0258190 -0.0222345 -0.0287036 -0.0266446 -0.0265595 0.0463481 -0.0252421 -0.0227858 -0.0225701 0.0516308 -0.0174966 -0.0078073 -0.0210985 -0.0215301 0.0080840 -0.0180683 -0.0035323 -0.0176084 -0.0225020 -0.0259838 0.0957197 -0.0201501 -0.0042538 0.1019966 -0.0240183 -0.0168526 -0.0162546 -0.0219366 -0.0207296 0.0890856 -0.0187622 0.0993400 -0.0230091 0.0964840 -0.0266364 0.0889132 -0.0210916 0.0874680 -0.0041976 -0.0224703 0.0522683 0.1022517 -0.0052294 -0.0226910 -0.0269489 -0.0228142 -0.0198021 -0.0176193 0.0086233 -0.0238675 -0.0216325 -0.0032460 -0.0290041 0.0823385 -0.0167168 0.0070300 0.0083406 -0.0247379 0.0915905 0.0882334 -0.0183926 -0.0251904 0.0073491 0.0918371 -0.0212568 -0.0195576 -0.0188826 -0.0218403 -0.0225794 -0.0274420 0.0480998 0.0990318 -0.0239136 0.0133770 -0.0232695 -0.0197585 -0.0192981 -0.0237396 0.0930425 0.0480725 0.0890072 0.0441265 -0.0234050 -0.0188189 -0.0170831 -0.0197748 -0.0171658 -0.0373553 -0.0415480 -0.0441280 -0.0414550 -0.0421621 -0.0386948 -0.0409056 -0.0424532 -0.0422526 -0.0438870 -0.0416179 -0.0465821 -0.0476547 -0.0429870 -0.0495392 -0.0494406 -0.0459365 -0.0412150 -0.0461501 -0.0462099 -0.0461597 -0.0341352 -0.0409920 -0.0368885 -0.0448389 -0.0449703 -0.0425440 -0.0457152 -0.0427517 -0.0453837 -0.0413865 -0.0418867
-0.0079561 -0.0185907 -0.0172838 -0.0216095 0.0634858 0.0403641 0.0717054 -0.0085428 -0.0179864 0.0740139 -0.0170299 0.9449596 -0.0183648 0.0775743 -0.0234879 -0.0208591 -0.0233632 -0.0186710 -0.0295437 -0.0109329 -0.0217650 -0.0312093 -0.0023171 0.0710280 0.0430050 -0.0081956 0.0659546 -0.0081940 -0.0182768 0.0662392 -0.0202088 -0.0288178 0.0237784 0.0731783 -0.0352149 -0.0332616 -0.0329442 -0.0195356 -0.0312608 -0.0286113 0.0773524 -0.0253307 0.0681553 0.0472346 -0.0265363 -0.0270101 -0.0111308 0.0715810 0.0353964 0.0697852 -0.0279351 -0.0321517 -0.0209106 0.0736347 0.0418023 -0.0236104 -0.0299997 0.0680912 0.0655783 -0.0279014 -0.0258645 -0.0187579 0.0696448 -0.0240113 0.0745753 -0.0227619 -0.0206987 -0.0183148 0.0757767 -0.0174671 0.0389418 -0.0283364 -0.0261662 -0.0238063 0.0447688 -0.0284947 -0.0329892 0.0784980 -0.0246312 0.0698513 -0.0090391 -0.0297818 0.0756298 0.0393311 -0.0349495 -0.0167727 0.0652812 -0.0098084 -0.0085398 0.0822632 -0.0196880 -0.0175453 0.0683387 -0.0310255 0.0073221 -0.0192708 -0.0269591 -0.0232327 0.0728567 -0.0271837 -0.0281992 -0.0335662 -0.0215269 -0.0228216 -0.0299645 0.0234800 0.0785424 0.0742907 0.0714148 -0.0159515 -0.0199295 -0.0219795 -0.0192616 -0.0188000 0.0774108 0.0707026 0.0667056 0.0742622 0.0666188 -0.0355533 -0.0395145 -0.0420039 -0.0393458 -0.0402368 -0.0369154 -0.0388372 -0.0403941 -0.0411445 -0.0425743 -0.0405117 -0.0450802 -0.0464196 -0.0417710 -0.0482629 -0.0482998 -0.0448924 -0.0399857 -0.0447786 -0.0449794 -0.0443468 -0.0325894 -0.0392947 -0.0350283 -0.0431194 -0.0432058 -0.0409531 -0.0439118 -0.0412026 -0.0435734 -0.0398121 -0.0402395
0.0093834 0.0969322 0.0898872 0.0507804 -0.0171673 -0.0058237 -0.0222915 0.0097105 0.0945820 -0.0206125 0.0893640 -0.0183648 0.9721213 -0.0237698 0.1092869 -0.0158728 0.1083347 0.0960428 -0.0258430 0.0087697 0.0506865 -0.0272477 -0.0060473 -0.0203077 -0.0044754 0.0092825 -0.0165209 0.0098989 0.0918365 -0.0176811 -0.0028500 -0.0251867 -0.0274232 -0.0232904 -0.0310107 -0.0287905 -0.0286813 0.0488255 -0.0272281 -0.0242240 -0.0240522 0.0548048 -0.0181538 -0.0087448 -0.0224307 -0.0229928 0.0083693 -0.0182654 -0.0038751 -0.0185235 -0.0242715 -0.0281921 0.1021314 -0.0212896 -0.0042996 0.1095797 -0.0254709 -0.0179411 -0.0172632 -0.0235364 -0.0224118 0.0948874 -0.0197340 0.1069929 -0.0238476 0.1033177 -0.0283293 0.0956483 -0.0221350 0.0919655 -0.0050828 -0.0236798 0.0556890 0.1115371 -0.0052826 -0.0244650 -0.0290738 -0.0241569 -0.0212054 -0.0187316 0.0087034 -0.0257462 -0.0232049 -0.0041453 -0.0311111 0.0871563 -0.0173036 0.0074615 0.0085645 -0.0261416 0.0983021 0.0937456 -0.0188067 -0.0272029 0.0080875 0.0967747 -0.0227410 -0.0212184 -0.0198982 -0.0235072 -0.0244088 -0.0295678 0.0507662 0.1058621 -0.0255485 0.0140310 -0.0243681 -0.0208433 -0.0205096 -0.0252797 0.0984187 0.0510022 0.0936331 0.0470250 -0.0244402 -0.0196673 -0.0178572 -0.0205405 -0.0177090 -0.0396947 -0.0444579 -0.0470928 -0.0440384 -0.0449835 -0.0412318 -0.0435514 -0.0453001 -0.0453412 -0.0470946 -0.0444984 -0.0501345 -0.0511163 -0.0461010 -0.0530944 -0.0532263 -0.0493220 -0.0438711 -0.0494257 -0.0494959 -0.0493499 -0.0362935 -0.0435948 -0.0392679 -0.0479170 -0.0482347 -0.0454713 -0.0485805 -0.0456557 -0.0485491 -0.0441535 -0.0446873
-0.0120253 -0.0239238 -0.0223872 -0.0260348 0.0740555 0.0549222 0.0951619 -0.0126380 -0.0231352 0.0898561 -0.0226209 0.0775743 -0.0237698 0.9441697 -0.0244546 -0.0242398 -0.0241961 -0.0237757 -0.0377492 -0.0117096 -0.0259823 -0.0399982 0.0017045 0.0855628 0.0500445 -0.0127753 0.0751537 -0.0128765 -0.0233449 0.0747755 -0.0268515 -0.0374586 0.0297668 0.0989412 -0.0423006 -0.0401173 -0.0396171 -0.0254361 -0.0402180 -0.0371542 0.1022158 -0.0266217 0.0819020 0.0699248 -0.0346536 -0.0355374 -0.0115931 0.0832988 0.0405242 0.0793627 -0.0362151 -0.0391546 -0.0255306 0.0895125 0.0477515 -0.0251402 -0.0392044 0.0772508 0.0725719 -0.0363647 -0.0335354 -0.0241592 0.0832783 -0.0251551 0.1032222 -0.0246681 -0.0214961 -0.0232097 0.0959353 -0.0229273 0.0499479 -0.0366944 -0.0271439 -0.0246230 0.0544231 -0.0371021 -0.0395473 0.1065635 -0.0321722 0.0796628 -0.0126242 -0.0381580 0.0954018 0.0463935 -0.0421672 -0.0224167 0.0741517 -0.0107817 -0.0124692 0.1152659 -0.0248974 -0.0218355 0.0803939 -0.0379795 0.0109775 -0.0235756 -0.0356508 -0.0259240 0.0863332 -0.0353293 -0.0364116 -0.0406573 -0.0258804 -0.0239588 -0.0387957 0.0264340 0.1073719 0.0912840 0.0855637 -0.0200531 -0.0246625 -0.0269388 -0.0235142 -0.0244129 0.1063263 0.0849703 0.0767460 0.0895514 0.0761784 -0.0439094 -0.0493689 -0.0524863 -0.0490254 -0.0499438 -0.0458480 -0.0482263 -0.0505932 -0.0514156 -0.0533162 -0.0503034 -0.0570008 -0.0582657 -0.0521556 -0.0609399 -0.0608371 -0.0565087 -0.0497449 -0.0559825 -0.0565891 -0.0550880 -0.0399777 -0.0483307 -0.0432976 -0.0536584 -0.0540265 -0.0504500 -0.0550942 -0.0513298 -0.0544432 -0.0489484 -0.0498192
0.0071322 0.1106262 0.0994496 0.0626693 -0.0232316 -0.0035424 -0.0238885 0.0101710 0.1064997 -0.0252875 0.1022937 -0.0234879 0.1092869 -0.0244546 0.9711337 -0.0173189 0.1442436 0.1126785 -0.0327625 0.0143917 0.0641387 -0.0346241 -0.0031864 -0.0244339 -0.0071606 0.0073696 -0.0234354 0.0069690 0.1071034 -0.0236199 -0.0077269 -0.0328371 -0.0347120 -0.0246267 -0.0364964 -0.0344113 -0.0341515 0.0559840 -0.0352876 -0.0327618 -0.0243658 0.0771786 -0.0241101 -0.0043623 -0.0304737 -0.0311713 0.0139599 -0.0256253 -0.0067795 -0.0241441 -0.0318396 -0.0337796 0.1271405 -0.0255050 -0.0075429 0.1474028 -0.0345446 -0.0241314 -0.0231595 -0.0321520 -0.0291902 0.1100344 -0.0245724 0.1429706 -0.0256841 0.1387714 -0.0306266 0.1098321 -0.0255568 0.1053115 -0.0029411 -0.0318773 0.0804886 0.1504864 -0.0063283 -0.0325747 -0.0348038 -0.0252132 -0.0286451 -0.0246166 0.0098591 -0.0327983 -0.0261538 -0.0055935 -0.0368587 0.0970588 -0.0238937 0.0105688 0.0087073 -0.0261457 0.1160204 0.1110521 -0.0242160 -0.0330680 0.0118297 0.1181108 -0.0311347 -0.0220522 -0.0252413 -0.0309452 -0.0316318 -0.0350788 0.0637833 0.1438934 -0.0338697 0.0154486 -0.0247808 -0.0254413 -0.0247125 -0.0306085 0.1208064 0.0643697 0.1145602 0.0516468 -0.0252411 -0.0254885 -0.0244137 -0.0263104 -0.0243001 -0.0485467 -0.0549139 -0.0585356 -0.0544876 -0.0554051 -0.0505905 -0.0534749 -0.0560995 -0.0557741 -0.0576651 -0.0543471 -0.0620832 -0.0632944 -0.0563074 -0.0660691 -0.0660395 -0.0607666 -0.0533570 -0.0607051 -0.0611529 -0.0612177 -0.0434647 -0.0530468 -0.0475537 -0.0588614 -0.0596172 -0.0554846 -0.0605916 -0.0561679 -0.0602001 -0.0539038 -0.0545280
0.0243418 -0.0158779 -0.0142460 -0.0072907 -0.0200901 -0.0078922 -0.0228153 0.0270368 -0.0149627 -0.0235014 -0.0144241 -0.0208591 -0.0158728 -0.0242398 -0.0173189 0.9937899 -0.0171573 -0.0156806 0.0192280 0.0320044 -0.0073662 0.0199663 0.0269020 -0.0225438 -0.0112576 0.0248463 -0.0208134 0.0242752 -0.0150421 -0.0208956 0.0646316 0.0184456 0.0058685 -0.0241849 0.0250212 0.0250557 0.0228714 -0.0075779 0.0197633 0.0180681 -0.0241332 -0.0062550 -0.0214469 -0.0106845 0.0167551 0.0174417 0.0323624 -0.0230734 -0.0035403 -0.0217698 0.0182948 0.0221165 -0.0174261 -0.0237825 -0.0111640 -0.0174200 0.0190773 -0.0211924 -0.0205899 0.0172866 0.0165170 -0.0156934 -0.0230573 -0.0171905 -0.0241992 -0.0163657 0.0948120 -0.0156868 -0.0247361 -0.0151995 -0.0080194 0.0179284 -0.0064657 -0.0173415 -0.0111949 0.0182683 0.0230380 -0.0244044 0.0159336 -0.0220650 0.0273334 0.0192394 -0.0248840 -0.0090693 0.0242459 -0.0143363 -0.0211045 0.0273953 0.0249142 -0.0264425 -0.0161029 -0.0207885 -0.0226147 0.0205613 0.0169046 -0.0160162 0.0168007 0.1399578 -0.0228986 0.0172812 0.0182305 0.0228845 -0.0074922 -0.0168340 0.0193980 -0.0214583 -0.0242546 -0.0236244 -0.0228206 0.0818020 -0.0167920 -0.0075229 -0.0156752 -0.0070050 -0.0247599 -0.0229413 -0.0215853 -0.0245216 -0.0218125 -0.0031691 -0.0028901 -0.0033141 -0.0032017 -0.0031716 -0.0031665 -0.0030252 -0.0035381 -0.0068550 -0.0070608 -0.0064155 -0.0076889 -0.0080765 -0.0068045 -0.0084905 -0.0081573 -0.0079068 -0.0064899 -0.0071609 -0.0076311 -0.0075872 -0.0051475 -0.0063526 -0.0054886 -0.0070492 -0.0071938 -0.0066938 -0.0078736 -0.0071396 -0.0075936 -0.0063661 -0.0066889
0.0074436 0.1116484 0.1005398 0.0629745 -0.0227236 -0.0034645 -0.0236487 0.0089382 0.1060364 -0.0251913 0.1010160 -0.0233632 0.1083347 -0.0241961 0.1442436 -0.0171573 0.9723471 0.1117744 -0.0329180 0.0142820 0.0640712 -0.0346807 -0.0028125 -0.0248894 -0.0067737 0.0078002 -0.0231669 0.0074233 0.1076104 -0.0233511 -0.0072989 -0.0330622 -0.0344616 -0.0244855 -0.0369177 -0.0342641 -0.0340686 0.0551503 -0.0353497 -0.0329885 -0.0245198 0.0763863 -0.0242685 -0.0046505 -0.0305153 -0.0312235 0.0134065 -0.0256341 -0.0069789 -0.0242598 -0.0320327 -0.0338959 0.1275045 -0.0256284 -0.0074092 0.1462439 -0.0345921 -0.0240247 -0.0233282 -0.0319893 -0.0292835 0.1109677 -0.0246831 0.1443815 -0.0244425 0.1366878 -0.0310765 0.1081483 -0.0261707 0.1045375 -0.0036121 -0.0321650 0.0788364 0.1466249 -0.0065598 -0.0327944 -0.0349687 -0.0251277 -0.0287254 -0.0246139 0.0096914 -0.0330698 -0.0262511 -0.0056691 -0.0369513 0.0968131 -0.0236468 0.0105558 0.0086991 -0.0260955 0.1159150 0.1114988 -0.0240772 -0.0329016 0.0121593 0.1156419 -0.0312463 -0.0225553 -0.0254144 -0.0308641 -0.0316710 -0.0353457 0.0622982 0.1393057 -0.0338678 0.0152889 -0.0240197 -0.0252910 -0.0248116 -0.0307951 0.1204564 0.0632459 0.1137729 0.0515910 -0.0251232 -0.0249961 -0.0241261 -0.0262712 -0.0240468 -0.0478872 -0.0539697 -0.0576751 -0.0534148 -0.0545569 -0.0497741 -0.0525820 -0.0552404 -0.0548658 -0.0569296 -0.0536608 -0.0611665 -0.0625002 -0.0555611 -0.0652245 -0.0650684 -0.0600954 -0.0528380 -0.0597035 -0.0602884 -0.0600745 -0.0430542 -0.0523209 -0.0468689 -0.0580337 -0.0585547 -0.0547894 -0.0596502 -0.0552411 -0.0592314 -0.0530156 -0.0536718
0.0089675 0.0982582 0.0889103 0.0525245 -0.0181369 -0.0053092 -0.0224175 0.0095351 0.0941936 -0.0210268 0.0907223 -0.0186710 0.0960428 -0.0237757 0.1126785 -0.0156806 0.1117744 0.9662568 -0.0262036 0.0091158 0.0530178 -0.0278634 -0.0056809 -0.0202916 -0.0041800 0.0090698 -0.0182229 0.0088131 0.0941707 -0.0183759 -0.0037734 -0.0257466 -0.0282166 -0.0237133 -0.0313871 -0.0291433 -0.0291027 0.0499346 -0.0278978 -0.0254130 -0.0239934 0.0579935 -0.0191464 -0.0077835 -0.0235384 -0.0241598 0.0092778 -0.0195764 -0.0035624 -0.0191324 -0.0249536 -0.0288779 0.1050088 -0.0215977 -0.0046132 0.1122725 -0.0266103 -0.0185700 -0.0180233 -0.0244920 -0.0231499 0.0956520 -0.0204641 0.1096628 -0.0245267 0.1060616 -0.0284862 0.0949521 -0.0223672 0.0932584 -0.0043578 -0.0247341 0.0589456 0.1132538 -0.0050111 -0.0253186 -0.0297274 -0.0243931 -0.0222691 -0.0193741 0.0090322 -0.0263800 -0.0229190 -0.0037534 -0.0321102 0.0871521 -0.0185686 0.0070941 0.0085603 -0.0266454 0.0991350 0.0957274 -0.0198250 -0.0278029 0.0082814 0.0991762 -0.0239714 -0.0208739 -0.0201777 -0.0241455 -0.0251147 -0.0301220 0.0528577 0.1088636 -0.0265326 0.0140358 -0.0243818 -0.0210177 -0.0205547 -0.0257372 0.1018840 0.0530217 0.0958984 0.0469786 -0.0252200 -0.0203181 -0.0190288 -0.0213309 -0.0192018 -0.0399782 -0.0447057 -0.0475531 -0.0446435 -0.0453430 -0.0415865 -0.0438703 -0.0457652 -0.0455407 -0.0472432 -0.0448017 -0.0504892 -0.0516059 -0.0463448 -0.0536497 -0.0537694 -0.0497118 -0.0442995 -0.0497872 -0.0498272 -0.0497967 -0.0366815 -0.0440537 -0.0397064 -0.0485176 -0.0489265 -0.0460852 -0.0495293 -0.0462306 -0.0492377 -0.0448635 -0.0452385
0.0118132 -0.0262654 -0.0240358 0.0099397 -0.0287169 -0.0362473 -0.0349501 0.0127057 -0.0248733 -0.0334861 -0.0238885 -0.0295437 -0.0258430 -0.0377492 -0.0327625 0.0192280 -0.0329180 -0.0262036 0.9338081 0.0133787 0.0105899 0.1047464 0.0147851 -0.0321005 -0.0343500 0.0121314 -0.0294193 0.0117799 -0.0250311 -0.0291987 0.0228785 0.0967581 0.0086397 -0.0366767 0.1142006 0.1033263 0.1059277 0.0097106 0.1054211 0.0967796 -0.0374836 0.0105987 -0.0316531 -0.0420539 0.0893408 0.0918082 0.0134832 -0.0323062 -0.0286077 -0.0307237 0.0954464 0.1040549 -0.0290250 -0.0337644 -0.0332208 -0.0333249 0.1017738 -0.0298236 -0.0287082 0.0930712 0.0867918 -0.0260780 -0.0324262 -0.0328955 -0.0375709 -0.0312455 0.0234899 -0.0255865 -0.0353963 -0.0245622 -0.0329280 0.0954693 0.0104389 -0.0335229 -0.0354578 0.0971300 0.1081821 -0.0380208 0.0834740 -0.0310436 0.0130616 0.1018018 -0.0357213 -0.0319790 0.1127711 -0.0228283 -0.0292183 0.0119910 0.0122331 -0.0421364 -0.0271464 -0.0257516 -0.0318365 0.0980747 -0.0057525 -0.0267382 0.0906559 0.0355241 -0.0324458 0.0920622 0.0960270 0.1093152 0.0110455 -0.0317324 0.1012811 -0.0181193 -0.0392173 -0.0337773 -0.0320596 0.0220970 -0.0274613 0.0111872 -0.0260658 0.0093921 -0.0384545 -0.0323406 -0.0303902 -0.0346584 -0.0304065 -0.0258271 -0.0298434 -0.0320006 -0.0295560 -0.0302384 -0.0271549 -0.0289101 -0.0302601 -0.0323512 -0.0342135 -0.0318573 -0.0365341 -0.0372839 -0.0330003 -0.0394602 -0.0392108 -0.0358982 -0.0316618 -0.0361127 -0.0361521 -0.0358975 -0.0253141 -0.0312155 -0.0277440 -0.0347454 -0.0350073 -0.0328447 -0.0354552 -0.0327800 -0.0351511 -0.0317779 -0.0321473
0.1062796 0.0087971 0.0078027 -0.0322200 -0.0109484 -0.0062477 -0.0114098 0.1187632 0.0090205 -0.0123299 0.0083359 -0.0109329 0.0087697 -0.0117096 0.0143917 0.0320044 0.0142820 0.0091158 0.0133787 0.9503621 -0.0321073 0.0138452 0.0536284 -0.0117210 -0.0093451 0.1098374 -0.0110092 0.1074973 0.0093409 -0.0108368 0.0400816 0.0121260 0.0024385 -0.0118133 0.0171395 0.0165196 0.0155388 -0.0295484 0.0137996 0.0117762 -0.0115279 -0.0353356 -0.0121132 -0.0092118 0.0112841 0.0113510 0.1404294 -0.0123352 -0.0107762 -0.0116614 0.0119631 0.0159404 0.0108201 -0.0123141 -0.0090691 0.0142401 0.0130684 -0.0112299 -0.0106470 0.0115999 0.0111133 0.0093011 -0.0115999 0.0133456 -0.0118301 0.0132324 -0.0019183 0.0088696 -0.0131008 0.0088310 -0.0051323 0.0120380 -0.0362929 0.0146225 -0.0090639 0.0121231 0.0165618 -0.0116511 0.0103368 -0.0114179 0.1225943 0.0132440 -0.0125613 -0.0062660 0.0174740 0.0079220 -0.0110263 0.1200871 0.1130463 -0.0125590 0.0096884 0.0046977 -0.0115919 0.0147803 0.0157261 0.0102249 0.0107694 0.0350695 -0.0119105 0.0114833 0.0123098 0.0172361 -0.0318241 0.0142280 0.0127846 0.0022907 -0.0122156 -0.0123133 -0.0116322 -0.0043572 0.0105220 -0.0323746 0.0100242 -0.0276284 -0.0114528 -0.0121759 -0.0114980 -0.0129115 -0.0115539 -0.0335362 -0.0382731 -0.0411159 -0.0378717 -0.0388065 -0.0351349 -0.0374135 -0.0390619 -0.0397349 -0.0415069 -0.0389368 -0.0450180 -0.0458135 -0.0405072 -0.0484330 -0.0481110 -0.0440997 -0.0384781 -0.0440282 -0.0443361 -0.0445107 -0.0308579 -0.0382342 -0.0340656 -0.0430213 -0.0433260 -0.0404517 -0.0439618 -0.0407431 -0.0436596 -0.0387886 -0.0394832
-0.0265333 0.0518379 0.0476188 0.1085561 -0.0218423 -0.0150246 -0.0248125 -0.0287887 0.0493935 -0.0242889 0.0481761 -0.0217650 0.0506865 -0.0259823 0.0641387 -0.0073662 0.0640712 0.0530178 0.0105899 -0.0321073 0.9664100 0.0113400 -0.0173511 -0.0231735 -0.0147729 -0.0273821 -0.0224457 -0.0270925 0.0506572 -0.0221366 -0.0191843 0.0098434 -0.0325162 -0.0258499 0.0119083 0.0105242 0.0106610 0.0968051 0.0116576 0.0096595 -0.0261532 0.1201494 -0.0228109 -0.0167633 0.0085632 0.0086429 -0.0320341 -0.0241325 -0.0109658 -0.0229085 0.0093788 0.0107413 0.0590415 -0.0244625 -0.0146264 0.0640644 0.0099736 -0.0223412 -0.0219182 0.0086679 0.0088076 0.0518022 -0.0239557 0.0628908 -0.0264396 0.0606149 0.0009017 0.0505790 -0.0252771 0.0499878 -0.0134353 0.0095850 0.1249353 0.0644516 -0.0144843 0.0102287 0.0117126 -0.0266427 0.0076502 -0.0231645 -0.0289980 0.0107846 -0.0251479 -0.0135008 0.0116564 0.0461819 -0.0222032 -0.0280586 -0.0270944 -0.0287288 0.0542646 0.0558531 -0.0236308 0.0104196 -0.0014074 0.0545569 0.0083662 -0.0013689 -0.0240847 0.0093715 0.0099969 0.0116555 0.1090297 0.0626412 0.0105396 0.0013071 -0.0263394 -0.0239578 -0.0231300 0.0007347 0.0569085 0.1089505 0.0547825 0.0896116 -0.0268546 -0.0239741 -0.0229720 -0.0252662 -0.0231814 -0.0364895 -0.0408052 -0.0436803 -0.0407774 -0.0414924 -0.0381738 -0.0400647 -0.0420418 -0.0431495 -0.0448415 -0.0422930 -0.0480815 -0.0490751 -0.0440218 -0.0513082 -0.0511534 -0.0476075 -0.0418692 -0.0471537 -0.0476104 -0.0465631 -0.0336991 -0.0403743 -0.0364643 -0.0448981 -0.0453635 -0.0425735 -0.0462886 -0.0429433 -0.0459846 -0.0414366 -0.0418464
0.0119794 -0.0276119 -0.0251679 0.0108213 -0.0301690 -0.0378831 -0.0368336 0.0128317 -0.0262899 -0.0355504 -0.0252733 -0.0312093 -0.0272477 -0.0399982 -0.0346241 0.0199663 -0.0346807 -0.0278634 0.1047464 0.0138452 0.0113400 0.9320434 0.0160690 -0.0340724 -0.0362122 0.0126820 -0.0310819 0.0123782 -0.0264777 -0.0307664 0.0241562 0.1037731 0.0092555 -0.0383779 0.1214232 0.1121764 0.1136981 0.0098519 0.1110482 0.1010704 -0.0396021 0.0115433 -0.0336897 -0.0444598 0.0929377 0.0953250 0.0139182 -0.0342602 -0.0301439 -0.0326886 0.0988121 0.1129901 -0.0307812 -0.0358734 -0.0350371 -0.0347675 0.1070397 -0.0314883 -0.0303414 0.0987780 0.0916893 -0.0273512 -0.0345318 -0.0344013 -0.0393566 -0.0327355 0.0251954 -0.0269874 -0.0374770 -0.0259327 -0.0347210 0.0990417 0.0118106 -0.0353878 -0.0371647 0.1009173 0.1142707 -0.0404209 0.0863256 -0.0327958 0.0133428 0.1064392 -0.0380030 -0.0338691 0.1228833 -0.0241401 -0.0308912 0.0125914 0.0128881 -0.0441905 -0.0286382 -0.0268328 -0.0337463 0.1071230 -0.0061125 -0.0283236 0.0942191 0.0374162 -0.0344515 0.0965261 0.0999933 0.1163011 0.0116003 -0.0336563 0.1065899 -0.0194219 -0.0415460 -0.0357795 -0.0339407 0.0227170 -0.0290136 0.0117252 -0.0276193 0.0100126 -0.0404753 -0.0343151 -0.0321614 -0.0368220 -0.0320246 -0.0274898 -0.0317421 -0.0343077 -0.0315736 -0.0321173 -0.0288608 -0.0307322 -0.0323125 -0.0343707 -0.0363175 -0.0336486 -0.0391012 -0.0398613 -0.0351438 -0.0422593 -0.0420675 -0.0383958 -0.0335481 -0.0383282 -0.0386735 -0.0383397 -0.0267984 -0.0329263 -0.0293625 -0.0370780 -0.0371823 -0.0348516 -0.0378422 -0.0348548 -0.0374303 -0.0335095 -0.0340986
0.0389313 -0.0062369 -0.0054942 -0.0175507 -0.0019079 0.0258320 0.0014050 0.0430207 -0.0055468 -0.0018415 -0.0056560 -0.0023171 -0.0060473 0.0017045 -0.0031864 0.0269020 -0.0028125 -0.0056809 0.0147851 0.0536284 -0.0173511 0.0160690 0.9627417 -0.0019799 0.0191285 0.0403116 -0.0024855 0.0400718 -0.0055943 -0.0023978 0.0299812 0.0141258 0.0195085 0.0024376 0.0213167 0.0202803 0.0192681 -0.0165034 0.0154314 0.0134076 0.0016638 -0.0169768 -0.0019854 0.0268569 0.0127095 0.0132908 0.0533083 -0.0027138 0.0187503 -0.0024512 0.0135695 0.0187949 -0.0053777 -0.0017833 0.0175911 -0.0022340 0.0148409 -0.0024035 -0.0027152 0.0132497 0.0123991 -0.0054839 -0.0011728 -0.0028111 0.0023688 -0.0031437 0.0137334 -0.0056887 -0.0013971 -0.0057575 0.0220783 0.0135781 -0.0177803 -0.0027410 0.0197065 0.0136694 0.0187696 0.0012096 0.0114061 -0.0025616 0.0447650 0.0147945 -0.0005663 0.0203998 0.0220680 -0.0054580 -0.0018445 0.0461950 0.0423988 0.0037154 -0.0051288 -0.0102607 -0.0015542 0.0179950 -0.0118102 -0.0052797 0.0119275 0.0593566 -0.0019520 0.0129491 0.0137305 0.0193470 -0.0173825 -0.0036502 0.0144243 -0.0192440 0.0024215 -0.0017402 -0.0016978 0.0076131 -0.0056651 -0.0174672 -0.0051253 -0.0156884 0.0024912 -0.0016595 -0.0016727 -0.0018171 -0.0019578 -0.0291404 -0.0330631 -0.0355937 -0.0330135 -0.0336976 -0.0307980 -0.0325635 -0.0342410 -0.0351863 -0.0365835 -0.0342649 -0.0394918 -0.0402956 -0.0355801 -0.0425611 -0.0420237 -0.0389657 -0.0338304 -0.0385970 -0.0388630 -0.0400398 -0.0280403 -0.0346723 -0.0309572 -0.0386270 -0.0388762 -0.0362157 -0.0399064 -0.0369870 -0.0395815 -0.0350918 -0.0358463
-0.0096813 -0.0206545 -0.0190511 -0.0228342 0.0671872 0.0450772 0.0801424 -0.0104720 -0.0198602 0.0794407 -0.0189687 0.0710280 -0.0203077 0.0855628 -0.0244339 -0.0225438 -0.0248894 -0.0202916 -0.0321005 -0.0117210 -0.0231735 -0.0340724 -0.0019799 0.9407703 0.0462745 -0.0097803 0.0681835 -0.0097076 -0.0197618 0.0697375 -0.0226329 -0.0316804 0.0260518 0.0826029 -0.0383042 -0.0363628 -0.0357118 -0.0218184 -0.0341285 -0.0316052 0.0853431 -0.0267003 0.0732538 0.0540170 -0.0293456 -0.0299366 -0.0118749 0.0755849 0.0373407 0.0736900 -0.0308315 -0.0350549 -0.0220830 0.0820417 0.0454078 -0.0248910 -0.0330237 0.0711879 0.0686981 -0.0308165 -0.0285257 -0.0206311 0.0757161 -0.0251063 0.0828941 -0.0235214 -0.0223745 -0.0202051 0.0837960 -0.0193860 0.0432406 -0.0313261 -0.0276842 -0.0249884 0.0487389 -0.0314691 -0.0358682 0.0867470 -0.0272725 0.0738109 -0.0101352 -0.0324130 0.0860705 0.0438970 -0.0380749 -0.0186488 0.0693984 -0.0104313 -0.0097332 0.0919253 -0.0214263 -0.0190295 0.0737643 -0.0339104 0.0080399 -0.0205240 -0.0300418 -0.0254269 0.0774816 -0.0301319 -0.0312898 -0.0368074 -0.0229492 -0.0238867 -0.0331572 0.0255531 0.0862582 0.0808435 0.0781437 -0.0177303 -0.0214027 -0.0230530 -0.0202992 -0.0205482 0.0862346 0.0762504 0.0708916 0.0804639 0.0711533 -0.0384888 -0.0428934 -0.0458609 -0.0428409 -0.0436886 -0.0401101 -0.0423167 -0.0438772 -0.0449402 -0.0466060 -0.0440976 -0.0493493 -0.0506706 -0.0455703 -0.0527755 -0.0527418 -0.0489513 -0.0434108 -0.0489128 -0.0491442 -0.0482162 -0.0350099 -0.0425754 -0.0379146 -0.0469268 -0.0470143 -0.0443173 -0.0476757 -0.0447511 -0.0473798 -0.0429895 -0.0435128
