0.9623923 -0.0014817 -0.0006982 -0.0383995 -0.0170404 -0.0174113 -0.0231089 0.0998121 -0.0010038 -0.0212868 -0.0010861 -0.0182538 -0.0012590 -0.0249603 -0.0061105 0.0258753 -0.0055513 -0.0017630 0.0043444 0.1065610 -0.0388292 0.0039337 0.0347285 -0.0209190 -0.0163594 0.0966612 -0.0173580 0.0956067 -0.0013624 -0.0176114 0.0385402 0.0045897 -0.0028618 -0.0240701 0.0021513 0.0036281 0.0030179 -0.0345304 0.0038085 0.0049947 -0.0255697 -0.0451610 -0.0195694 -0.0224706 0.0052664 0.0051533 0.1070271 -0.0196792 -0.0169100 -0.0191173 0.0047376 0.0027182 -0.0034440 -0.0221388 -0.0159330 -0.0056016 0.0048848 -0.0177984 -0.0170897 0.0051142 0.0044632 -0.0018547 -0.0201863 -0.0057755 -0.0249334 -0.0051835 -0.0008909 -0.0016639 -0.0234169 -0.0014881 -0.0156645 0.0048619 -0.0469766 -0.0058892 -0.0175596 0.0046352 0.0021221 -0.0257680 0.0049743 -0.0191081 0.1000410 0.0038522 -0.0240318 -0.0145103 0.0019102 -0.0006333 -0.0179198 0.0935606 0.0965677 -0.0282310 -0.0022363 -0.0065387 -0.0200154 0.0027468 0.0039618 -0.0027542 0.0048550 0.0227320 -0.0205975 0.0045876 0.0045936 0.0021950 -0.0386999 -0.0056553 0.0044372 -0.0062151 -0.0267225 -0.0219771 -0.0208615 0.0003969 -0.0031298 -0.0393362 -0.0026446 -0.0329579 -0.0258463 -0.0203652 -0.0184762 -0.0218224 -0.0187280
-0.0014817 0.9677943 0.0828728 0.0408318 -0.0312723 -0.0202876 -0.0392218 -0.0021783 0.0862510 -0.0371886 0.0825085 -0.0330114 0.0884339 -0.0418179 0.1000338 -0.0207067 0.1013208 0.0895498 -0.0397348 -0.0044022 0.0405110 -0.0418978 -0.0190692 -0.0362796 -0.0185511 -0.0010983 -0.0311692 -0.0010811 0.0866740 -0.0319786 -0.0082321 -0.0385696 -0.0397759 -0.0411469 -0.0472665 -0.0438344 -0.0436332 0.0399147 -0.0420081 -0.0382068 -0.0421955 0.0436015 -0.0342542 -0.0257604 -0.0351621 -0.0361028 -0.0045048 -0.0348117 -0.0172152 -0.0339672 -0.0375363 -0.0433120 0.0952294 -0.0380457 -0.0182338 0.1021150 -0.0400281 -0.0326325 -0.0313955 -0.0367897 -0.0346208 0.0887294 -0.0359901 0.0994714 -0.0417657 0.0955298 -0.0312964 0.0875473 -0.0398521 0.0848757 -0.0184840 -0.0374312 0.0441188 0.1007257 -0.0203324 -0.0382206 -0.0446620 -0.0428319 -0.0332716 -0.0338611 -0.0031299 -0.0398357 -0.0406139 -0.0175274 -0.0474654 0.0805823 -0.0321559 -0.0043302 -0.0024345 -0.0463071 0.0905118 0.0873003 -0.0349437 -0.0418357 -0.0043675 0.0893000 -0.0356571 -0.0297605 -0.0363197 -0.0365023 -0.0378234 -0.0454357 0.0403874 0.0967089 -0.0399614 0.0009536 -0.0433086 -0.0376204 -0.0365108 -0.0268712 0.0923086 0.0408097 0.0869606 0.0379524 -0.0432599 -0.0357437 -0.0328813 -0.0373777 -0.0330935
-0.0006982 0.0828728 0.9718505 0.0378067 -0.0284711 -0.0179676 -0.0360050 -0.0021504 0.0793836 -0.0345541 0.0750103 -0.0306698 0.0818324 -0.0388825 0.0894333 -0.0184493 0.0907910 0.0807380 -0.0364377 -0.0043294 0.0370592 -0.0382114 -0.0173378 -0.0334876 -0.0163380 -0.0008528 -0.0284407 -0.0005161 0.0783785 -0.0296471 -0.0062356 -0.0353378 -0.0359458 -0.0374926 -0.0431164 -0.0391952 -0.0397527 0.0365836 -0.0384967 -0.0348046 -0.0388460 0.0391351 -0.0308271 -0.0229715 -0.0323536 -0.0331081 -0.0039242 -0.0318254 -0.0142582 -0.0312815 -0.0344358 -0.0393658 0.0859981 -0.0353319 -0.0162853 0.0918694 -0.0366038 -0.0303675 -0.0290136 -0.0334591 -0.0317921 0.0818558 -0.0328892 0.0906724 -0.0382683 0.0876907 -0.0267690 0.0802074 -0.0368479 0.0772959 -0.0163693 -0.0343260 0.0387169 0.0905856 -0.0187513 -0.0350290 -0.0407964 -0.0394158 -0.0302978 -0.0314107 -0.0027070 -0.0366833 -0.0375144 -0.0161260 -0.0432644 0.0747876 -0.0292349 -0.0032503 -0.0016682 -0.0425389 0.0833220 0.0790261 -0.0319045 -0.0381144 -0.0033119 0.0809302 -0.0327189 -0.0266301 -0.0334160 -0.0335932 -0.0345361 -0.0417182 0.0362139 0.0863174 -0.0364508 0.0013484 -0.0394485 -0.0349588 -0.0335387 -0.0243322 0.0823177 0.0371112 0.0787485 0.0355553 -0.0397590 -0.0330207 -0.0300100 -0.0347880 -0.0300253
-0.0383995 0.0408318 0.0378067 0.9711304 -0.0346272 -0.0291655 -0.0408622 -0.0418112 0.0390872 -0.0393024 0.0376175 -0.0355203 0.0396896 -0.0434244 0.0492514 -0.0093720 0.0497815 0.0414334 0.0008126 -0.0471567 0.1028157 0.0010910 -0.0305782 -0.0378981 -0.0285735 -0.0397192 -0.0357688 -0.0387877 0.0388449 -0.0352673 -0.0234646 0.0006105 -0.0421887 -0.0422328 0.0003313 0.0009522 0.0004069 0.0918380 0.0019238 0.0008052 -0.0432930 0.1116836 -0.0364217 -0.0331144 0.0002478 0.0005278 -0.0470108 -0.0382704 -0.0225219 -0.0369923 0.0006675 0.0003828 0.0457192 -0.0400918 -0.0278176 0.0492449 0.0005308 -0.0363190 -0.0350633 0.0001225 0.0000992 0.0401177 -0.0387781 0.0482877 -0.0435948 0.0465332 0.0054863 0.0399771 -0.0411491 0.0385863 -0.0270000 0.0006804 0.1151554 0.0491448 -0.0288414 0.0008477 0.0006312 -0.0440152 -0.0002145 -0.0371439 -0.0423719 0.0012393 -0.0418454 -0.0269210 -0.0003260 0.0354147 -0.0355956 -0.0412307 -0.0399572 -0.0481255 0.0418417 0.0436077 -0.0381947 0.0002199 -0.0129789 0.0433456 0.0002519 -0.0068854 -0.0386743 0.0006825 0.0010887 0.0004522 0.1016994 0.0482252 0.0007289 -0.0123610 -0.0442170 -0.0390530 -0.0380824 0.0050539 0.0440710 0.1012527 0.0421110 0.0840592 -0.0446099 -0.0386649 -0.0366532 -0.0410355 -0.0369744
-0.0170404 -0.0312723 -0.0284711 -0.0346272 0.9502537 0.0309393 0.0618532 -0.0192256 -0.0300662 0.0610820 -0.0293790 0.0555870 -0.0308599 0.0643521 -0.0398844 -0.0240042 -0.0391133 -0.0319764 -0.0403222 -0.0229405 -0.0353088 -0.0423229 -0.0120321 0.0587112 0.0333240 -0.0176944 0.0570191 -0.0169512 -0.0309910 0.0561383 -0.0237762 -0.0389910 0.0168552 0.0636277 -0.0476936 -0.0439048 -0.0438808 -0.0311903 -0.0423945 -0.0384760 0.0627062 -0.0403914 0.0584537 0.0340238 -0.0358228 -0.0367901 -0.0229236 0.0605762 0.0253462 0.0575400 -0.0380649 -0.0436429 -0.0357160 0.0608166 0.0322997 -0.0401443 -0.0404326 0.0569193 0.0550503 -0.0371264 -0.0354483 -0.0316967 0.0590995 -0.0389066 0.0645977 -0.0376863 -0.0194920 -0.0308668 0.0633818 -0.0302996 0.0267062 -0.0383142 -0.0413610 -0.0402955 0.0325998 -0.0386791 -0.0449309 0.0632028 -0.0334471 0.0582677 -0.0197411 -0.0406457 0.0615901 0.0282318 -0.0473317 -0.0284356 0.0560127 -0.0201507 -0.0188015 0.0679037 -0.0332106 -0.0306112 0.0582897 -0.0418226 -0.0028312 -0.0329732 -0.0362788 -0.0293556 0.0600169 -0.0372997 -0.0387647 -0.0457299 -0.0351586 -0.0389321 -0.0405898 0.0116057 0.0641255 0.0607549 0.0584883 -0.0146222 -0.0344903 -0.0356734 -0.0329965 -0.0297368 0.0635107 0.0598144 0.0576970 0.0623359 0.0570333
-0.0174113 -0.0202876 -0.0179676 -0.0291655 0.0309393 0.9755430 0.0407728 -0.0188435 -0.0197828 0.0346332 -0.0189985 0.0297168 -0.0207438 0.0420249 -0.0216544 -0.0079859 -0.0214952 -0.0203236 -0.0496497 -0.0193761 -0.0304110 -0.0521212 0.0164630 0.0336044 0.0932234 -0.0182092 0.0285098 -0.0181192 -0.0194212 0.0292883 -0.0108879 -0.0485171 0.0329338 0.0426998 -0.0569552 -0.0503312 -0.0524748 -0.0288488 -0.0528532 -0.0487620 0.0416037 -0.0322129 0.0335844 0.1193376 -0.0451195 -0.0462505 -0.0189451 0.0317240 0.0916170 0.0306770 -0.0472311 -0.0521124 -0.0216373 0.0353690 0.0903414 -0.0215540 -0.0512081 0.0298775 0.0290733 -0.0471629 -0.0433778 -0.0204543 0.0335032 -0.0207678 0.0428863 -0.0199857 -0.0336618 -0.0199448 0.0384298 -0.0192794 0.0996549 -0.0480725 -0.0335056 -0.0219010 0.0963634 -0.0486709 -0.0539556 0.0415792 -0.0415855 0.0307196 -0.0187492 -0.0497153 0.0372437 0.0954626 -0.0570416 -0.0190663 0.0288116 -0.0174518 -0.0178086 0.0452286 -0.0212395 -0.0223471 0.0319954 -0.0502936 0.0369023 -0.0197101 -0.0461004 -0.0150468 0.0331882 -0.0462384 -0.0474351 -0.0550941 -0.0304655 -0.0214387 -0.0509982 0.0521024 0.0433759 0.0351110 0.0336105 -0.0344793 -0.0213184 -0.0311762 -0.0200325 -0.0272483 0.0420827 0.0327290 0.0300139 0.0349777 0.0297855
-0.0231089 -0.0392218 -0.0360050 -0.0408622 0.0618532 0.0407728 0.9439445 -0.0252435 -0.0378822 0.0715361 -0.0366471 0.0622897 -0.0387110 0.0839781 -0.0439283 -0.0278923 -0.0434930 -0.0389226 -0.0491071 -0.0261340 -0.0412009 -0.0518385 -0.0108952 0.0700433 0.0373277 -0.0239324 0.0602784 -0.0237807 -0.0377357 0.0614840 -0.0316824 -0.0481923 0.0190786 0.0850648 -0.0560177 -0.0519882 -0.0516103 -0.0387130 -0.0523689 -0.0486951 0.0829310 -0.0433789 0.0652243 0.0490139 -0.0451107 -0.0461031 -0.0254857 0.0662295 0.0259913 0.0641296 -0.0472857 -0.0512378 -0.0420183 0.0737130 0.0360816 -0.0439105 -0.0508844 0.0622429 0.0599352 -0.0470221 -0.0433509 -0.0390383 0.0682805 -0.0425765 0.0877876 -0.0412736 -0.0213989 -0.0380531 0.0776675 -0.0371719 0.0366886 -0.0478190 -0.0455946 -0.0442535 0.0383819 -0.0483152 -0.0529153 0.0844130 -0.0417991 0.0641249 -0.0248702 -0.0495241 0.0782177 0.0323370 -0.0556347 -0.0353306 0.0618338 -0.0225687 -0.0234936 0.0902182 -0.0402516 -0.0373269 0.0664483 -0.0495659 -0.0023714 -0.0391040 -0.0459364 -0.0332573 0.0686857 -0.0462603 -0.0474975 -0.0540281 -0.0409468 -0.0430117 -0.0505010 0.0116676 0.0838844 0.0724025 0.0697500 -0.0188031 -0.0408714 -0.0410256 -0.0389383 -0.0366285 0.0855632 0.0682096 0.0628503 0.0717095 0.0632252
0.0998121 -0.0021783 -0.0021504 -0.0418112 -0.0192256 -0.0188435 -0.0252435 0.9590667 -0.0010336 -0.0234604 -0.0012375 -0.0197247 -0.0017899 -0.0268603 -0.0043576 0.0286327 -0.0053751 -0.0021835 0.0043757 0.1191689 -0.0422743 0.0038953 0.0384618 -0.0227472 -0.0186493 0.1018484 -0.0197658 0.0996254 -0.0023296 -0.0197502 0.0395776 0.0040856 -0.0038187 -0.0262502 0.0037042 0.0034944 0.0029176 -0.0376471 0.0047786 0.0048554 -0.0269852 -0.0487329 -0.0218744 -0.0240495 0.0050891 0.0049793 0.1201901 -0.0216046 -0.0187692 -0.0207854 0.0043860 0.0028284 -0.0034604 -0.0239241 -0.0180214 -0.0055894 0.0043496 -0.0197984 -0.0190530 0.0043085 0.0038028 -0.0023333 -0.0224458 -0.0057502 -0.0274899 -0.0048098 -0.0002155 -0.0011610 -0.0248671 -0.0013698 -0.0165044 0.0051534 -0.0507455 -0.0044427 -0.0189936 0.0049307 0.0035018 -0.0272173 0.0045527 -0.0206859 0.1095342 0.0041998 -0.0256376 -0.0156579 0.0018981 -0.0016545 -0.0198086 0.1021947 0.1020154 -0.0303973 -0.0027466 -0.0073573 -0.0222509 0.0025697 0.0041265 -0.0024169 0.0052267 0.0271802 -0.0222939 0.0045468 0.0046991 0.0035212 -0.0419111 -0.0043674 0.0048092 -0.0075702 -0.0286249 -0.0236863 -0.0225332 0.0002451 -0.0030602 -0.0427159 -0.0028587 -0.0360969 -0.0276183 -0.0225283 -0.0207820 -0.0241011 -0.0210042
-0.0010038 0.0862510 0.0793836 0.0390872 -0.0300662 -0.0197828 -0.0378822 -0.0010336 0.9682342 -0.0357820 0.0795284 -0.0318874 0.0863591 -0.0401577 0.0961876 -0.0195676 0.0961037 0.0858580 -0.0377694 -0.0035783 0.0385117 -0.0398527 -0.0177952 -0.0348545 -0.0182804 -0.0008988 -0.0301784 -0.0010679 0.0815270 -0.0311288 -0.0075773 -0.0369012 -0.0380490 -0.0395781 -0.0449600 -0.0420235 -0.0417740 0.0383452 -0.0398266 -0.0362688 -0.0401668 0.0416745 -0.0326898 -0.0245072 -0.0336011 -0.0343509 -0.0034996 -0.0330739 -0.0164178 -0.0326259 -0.0360254 -0.0409801 0.0905863 -0.0366796 -0.0176588 0.0965309 -0.0381325 -0.0316599 -0.0304585 -0.0349793 -0.0332610 0.0835924 -0.0345597 0.0939982 -0.0406497 0.0917209 -0.0294357 0.0861341 -0.0379696 0.0817975 -0.0177188 -0.0354815 0.0419234 0.0978042 -0.0195523 -0.0363399 -0.0425021 -0.0409253 -0.0317359 -0.0326973 -0.0024306 -0.0382241 -0.0391660 -0.0170224 -0.0452473 0.0768997 -0.0311043 -0.0036351 -0.0020436 -0.0445041 0.0864017 0.0822260 -0.0336159 -0.0394902 -0.0043151 0.0864436 -0.0338083 -0.0281091 -0.0349876 -0.0347438 -0.0360061 -0.0430225 0.0383408 0.0933291 -0.0379532 0.0006727 -0.0415632 -0.0362929 -0.0352009 -0.0257101 0.0873266 0.0387250 0.0825595 0.0359355 -0.0416015 -0.0344786 -0.0318546 -0.0364389 -0.0317441
-0.0212868 -0.0371886 -0.0345541 -0.0393024 0.0610820 0.0346332 0.0715361 -0.0234604 -0.0357820 0.9355279 -0.0345938 0.0650418 -0.0364813 0.0787168 -0.0447521 -0.0285549 -0.0443952 -0.0370371 -0.0471814 -0.0265451 -0.0400882 -0.0499445 -0.0138393 0.0696878 0.0376516 -0.0218168 0.0638139 -0.0219830 -0.0359653 0.0627279 -0.0302516 -0.0464687 0.0194015 0.0736289 -0.0557747 -0.0525983 -0.0519902 -0.0369522 -0.0500233 -0.0461507 0.0788496 -0.0449394 0.0671031 0.0423123 -0.0431276 -0.0438663 -0.0265619 0.0698822 0.0282732 0.0669127 -0.0451054 -0.0512548 -0.0403517 0.0732524 0.0365011 -0.0449984 -0.0482320 0.0652671 0.0616972 -0.0448215 -0.0417771 -0.0369203 0.0684679 -0.0452041 0.0748925 -0.0433935 -0.0235062 -0.0360988 0.0780242 -0.0353424 0.0321663 -0.0453792 -0.0466637 -0.0452245 0.0391750 -0.0460722 -0.0524809 0.0789282 -0.0399771 0.0666781 -0.0233729 -0.0475131 0.0762182 0.0328749 -0.0556355 -0.0336643 0.0620118 -0.0236211 -0.0222851 0.0841237 -0.0384962 -0.0356363 0.0670270 -0.0493045 -0.0044850 -0.0375516 -0.0437967 -0.0345828 0.0716150 -0.0438258 -0.0456292 -0.0536509 -0.0394855 -0.0436288 -0.0483672 0.0130715 0.0803761 0.0740275 0.0704125 -0.0179697 -0.0388502 -0.0398328 -0.0375305 -0.0349108 0.0782605 0.0704863 0.0641422 0.0736111 0.0643225
-0.0010861 0.0825085 0.0750103 0.0376175 -0.0293790 -0.0189985 -0.0366471 -0.0012375 0.0795284 -0.0345938 0.9680057 -0.0304422 0.0814003 -0.0389214 0.0924981 -0.0186070 0.0913702 0.0826344 -0.0362498 -0.0037382 0.0377163 -0.0382640 -0.0172809 -0.0333557 -0.0175181 -0.0011155 -0.0295236 -0.0009615 0.0795132 -0.0299668 -0.0072513 -0.0353915 -0.0363853 -0.0379160 -0.0430316 -0.0399039 -0.0399478 0.0367983 -0.0383055 -0.0349071 -0.0387565 0.0400664 -0.0315880 -0.0234237 -0.0324752 -0.0330997 -0.0039168 -0.0323998 -0.0160000 -0.0314054 -0.0344087 -0.0391948 0.0867799 -0.0351414 -0.0170198 0.0922474 -0.0367517 -0.0303208 -0.0293561 -0.0337601 -0.0316419 0.0809889 -0.0331390 0.0896562 -0.0391809 0.0871754 -0.0282846 0.0809719 -0.0366305 0.0796201 -0.0169031 -0.0344423 0.0403917 0.0924975 -0.0189131 -0.0348290 -0.0405119 -0.0392644 -0.0304667 -0.0314576 -0.0023192 -0.0363177 -0.0373374 -0.0157735 -0.0433065 0.0749756 -0.0298881 -0.0035158 -0.0020393 -0.0425028 0.0831861 0.0798954 -0.0325217 -0.0379049 -0.0040936 0.0834567 -0.0326841 -0.0270446 -0.0333817 -0.0333276 -0.0344744 -0.0412468 0.0376837 0.0894261 -0.0365637 0.0013101 -0.0400034 -0.0347040 -0.0336235 -0.0244492 0.0845177 0.0376034 0.0807080 0.0349609 -0.0399979 -0.0332403 -0.0307052 -0.0349475 -0.0308183
-0.0182538 -0.0330114 -0.0306698 -0.0355203 0.0555870 0.0297168 0.0622897 -0.0197247 -0.0318874 0.0650418 -0.0304422 0.9428248 -0.0325947 0.0675450 -0.0406773 -0.0250959 -0.0403617 -0.0330391 -0.0416311 -0.0233533 -0.0358136 -0.0439098 -0.0128374 0.0622720 0.0331713 -0.0187642 0.0578566 -0.0186092 -0.0321903 0.0581613 -0.0258149 -0.0406450 0.0170471 0.0635182 -0.0492562 -0.0461717 -0.0460561 -0.0323843 -0.0440253 -0.0404791 0.0675865 -0.0409175 0.0593866 0.0357281 -0.0376791 -0.0383802 -0.0235521 0.0627787 0.0256141 0.0615381 -0.0395540 -0.0449917 -0.0365835 0.0645957 0.0323547 -0.0408923 -0.0424495 0.0599944 0.0575955 -0.0394387 -0.0364767 -0.0330217 0.0607578 -0.0409604 0.0645357 -0.0391241 -0.0209215 -0.0324277 0.0663737 -0.0312168 0.0293877 -0.0400692 -0.0421507 -0.0410783 0.0346530 -0.0403027 -0.0462501 0.0685000 -0.0349991 0.0615132 -0.0202752 -0.0419866 0.0660976 0.0297917 -0.0488406 -0.0298508 0.0572281 -0.0206618 -0.0191566 0.0714447 -0.0344788 -0.0320042 0.0596491 -0.0433353 -0.0036464 -0.0340119 -0.0382143 -0.0301899 0.0641598 -0.0384261 -0.0398253 -0.0470498 -0.0353636 -0.0395795 -0.0422955 0.0122516 0.0680786 0.0652366 0.0626192 -0.0151507 -0.0349899 -0.0358877 -0.0337421 -0.0310785 0.0672320 0.0618275 0.0583399 0.0649769 0.0582641
-0.0012590 0.0884339 0.0818324 0.0396896 -0.0308599 -0.0207438 -0.0387110 -0.0017899 0.0863591 -0.0364813 0.0814003 -0.0325947 0.9701898 -0.0412975 0.0988127 -0.0206025 0.0980586 0.0876037 -0.0390700 -0.0042408 0.0394792 -0.0412064 -0.0186321 -0.0356457 -0.0186463 -0.0016977 -0.0306009 -0.0009434 0.0833880 -0.0317673 -0.0080409 -0.0381681 -0.0387900 -0.0402494 -0.0464584 -0.0430883 -0.0431064 0.0387342 -0.0412099 -0.0371356 -0.0413557 0.0422524 -0.0332442 -0.0255094 -0.0344999 -0.0353661 -0.0045177 -0.0335482 -0.0171217 -0.0332057 -0.0369735 -0.0424626 0.0926821 -0.0373705 -0.0178978 0.0992618 -0.0391078 -0.0322942 -0.0312037 -0.0361453 -0.0341068 0.0862894 -0.0351824 0.0965700 -0.0412264 0.0934120 -0.0303210 0.0874019 -0.0387567 0.0836780 -0.0186416 -0.0364177 0.0429357 0.1012738 -0.0198985 -0.0373599 -0.0437028 -0.0417981 -0.0325604 -0.0335128 -0.0030650 -0.0390978 -0.0400389 -0.0174890 -0.0465865 0.0793384 -0.0313807 -0.0039114 -0.0025030 -0.0452504 0.0893756 0.0848830 -0.0339358 -0.0408999 -0.0042635 0.0877382 -0.0348956 -0.0294147 -0.0353394 -0.0357834 -0.0370795 -0.0444219 0.0397276 0.0957157 -0.0390515 0.0010993 -0.0423466 -0.0367894 -0.0358444 -0.0263114 0.0894267 0.0398015 0.0847715 0.0372992 -0.0422898 -0.0351044 -0.0323267 -0.0367494 -0.0322300
-0.0249603 -0.0418179 -0.0388825 -0.0434244 0.0643521 0.0420249 0.0839781 -0.0268603 -0.0401577 0.0787168 -0.0389214 0.0675450 -0.0412975 0.9411502 -0.0460421 -0.0300049 -0.0455318 -0.0415166 -0.0529790 -0.0275236 -0.0435272 -0.0561788 -0.0114763 0.0747936 0.0377245 -0.0262084 0.0649466 -0.0260793 -0.0404208 0.0646821 -0.0343541 -0.0523984 0.0209698 0.0875706 -0.0601585 -0.0567497 -0.0561921 -0.0414056 -0.0565640 -0.0521274 0.0906365 -0.0459798 0.0710835 0.0556957 -0.0485537 -0.0498237 -0.0273519 0.0722704 0.0281697 0.0689711 -0.0507141 -0.0554947 -0.0451513 0.0782227 0.0359686 -0.0468628 -0.0549447 0.0669967 0.0626530 -0.0508635 -0.0467932 -0.0418415 0.0722586 -0.0464203 0.0914310 -0.0451505 -0.0221553 -0.0405698 0.0844710 -0.0397686 0.0382515 -0.0514628 -0.0471965 -0.0462021 0.0419021 -0.0519754 -0.0564340 0.0948482 -0.0449762 0.0691510 -0.0269740 -0.0535720 0.0836531 0.0344146 -0.0601251 -0.0383513 0.0639552 -0.0245010 -0.0260107 0.1024921 -0.0433262 -0.0397318 0.0694421 -0.0538492 -0.0031761 -0.0417802 -0.0497822 -0.0350076 0.0755106 -0.0494215 -0.0509937 -0.0579343 -0.0432537 -0.0449076 -0.0544296 0.0120159 0.0952242 0.0799864 0.0747158 -0.0200245 -0.0434104 -0.0444190 -0.0414593 -0.0394854 0.0944036 0.0739165 0.0663692 0.0778437 0.0656906
-0.0061105 0.1000338 0.0894333 0.0492514 -0.0398844 -0.0216544 -0.0439283 -0.0043576 0.0961876 -0.0447521 0.0924981 -0.0406773 0.0988127 -0.0460421 0.9683279 -0.0234532 0.1325673 0.1022560 -0.0493750 -0.0017395 0.0506956 -0.0523171 -0.0188058 -0.0432787 -0.0244895 -0.0063916 -0.0405418 -0.0066538 0.0970385 -0.0407395 -0.0147104 -0.0491826 -0.0490763 -0.0455780 -0.0561272 -0.0526108 -0.0523843 0.0434928 -0.0531089 -0.0490164 -0.0455265 0.0627497 -0.0427662 -0.0253420 -0.0455139 -0.0465443 -0.0020958 -0.0445016 -0.0232958 -0.0419424 -0.0477083 -0.0516679 0.1159505 -0.0451669 -0.0242109 0.1356344 -0.0517808 -0.0415602 -0.0400752 -0.0479403 -0.0435936 0.0994334 -0.0434279 0.1313838 -0.0470941 0.1276315 -0.0331168 0.0995486 -0.0460626 0.0950660 -0.0194117 -0.0478126 0.0656114 0.1389620 -0.0242428 -0.0488504 -0.0533060 -0.0469467 -0.0425767 -0.0426986 -0.0049266 -0.0495806 -0.0469815 -0.0220695 -0.0565547 0.0874293 -0.0410667 -0.0034784 -0.0051323 -0.0500902 0.1052349 0.1002097 -0.0427064 -0.0504341 -0.0039196 0.1073237 -0.0464916 -0.0324921 -0.0441349 -0.0462543 -0.0474225 -0.0540605 0.0504084 0.1324464 -0.0508897 -0.0011133 -0.0469647 -0.0450527 -0.0434926 -0.0324417 0.1098924 0.0510149 0.1041425 0.0398490 -0.0472268 -0.0444328 -0.0420325 -0.0463724 -0.0421280
0.0258753 -0.0207067 -0.0184493 -0.0093720 -0.0240042 -0.0079859 -0.0278923 0.0286327 -0.0195676 -0.0285549 -0.0186070 -0.0250959 -0.0206025 -0.0300049 -0.0234532 1.0128934 -0.0231450 -0.0204057 0.0200393 0.0337451 -0.0096066 0.0206078 0.0301101 -0.0271658 -0.0116717 0.0263859 -0.0251152 0.0257179 -0.0195002 -0.0250500 0.0732619 0.0191500 0.0095332 -0.0294109 0.0258368 0.0265640 0.0236891 -0.0095711 0.0203841 0.0186484 -0.0296051 -0.0089230 -0.0258820 -0.0115187 0.0174684 0.0181308 0.0341604 -0.0279974 -0.0029803 -0.0261661 0.0189962 0.0230771 -0.0228863 -0.0287699 -0.0113149 -0.0235361 0.0196315 -0.0254469 -0.0247189 0.0178977 0.0173560 -0.0204627 -0.0277870 -0.0231106 -0.0296576 -0.0220904 0.1070422 -0.0203976 -0.0300301 -0.0196739 -0.0079689 0.0185182 -0.0093274 -0.0234182 -0.0115527 0.0188988 0.0238761 -0.0301808 0.0166063 -0.0266036 0.0290181 0.0200073 -0.0301998 -0.0090019 0.0249992 -0.0184924 -0.0251982 0.0290807 0.0263847 -0.0330433 -0.0210290 -0.0258649 -0.0272950 0.0215580 0.0176800 -0.0209529 0.0173117 0.1514294 -0.0277242 0.0180272 0.0189682 0.0235153 -0.0096219 -0.0226951 0.0200169 -0.0240384 -0.0299614 -0.0287028 -0.0274599 0.0922027 -0.0219026 -0.0097688 -0.0203521 -0.0087800 -0.0305060 -0.0277357 -0.0259977 -0.0297325 -0.0262219
-0.0055513 0.1013208 0.0907910 0.0497815 -0.0391133 -0.0214952 -0.0434930 -0.0053751 0.0961037 -0.0443952 0.0913702 -0.0403617 0.0980586 -0.0455318 0.1325673 -0.0231450 0.9692785 0.1015955 -0.0492269 -0.0015953 0.0507317 -0.0520759 -0.0182325 -0.0434097 -0.0240010 -0.0057694 -0.0401609 -0.0059475 0.0976082 -0.0402294 -0.0141564 -0.0492059 -0.0486857 -0.0450465 -0.0562468 -0.0522263 -0.0520793 0.0429093 -0.0528577 -0.0489975 -0.0452716 0.0621344 -0.0425713 -0.0254811 -0.0452859 -0.0463632 -0.0022678 -0.0441403 -0.0232120 -0.0418435 -0.0475923 -0.0516375 0.1165525 -0.0449716 -0.0238516 0.1346462 -0.0515601 -0.0412446 -0.0400233 -0.0475677 -0.0434736 0.1004816 -0.0433450 0.1329213 -0.0456641 0.1256320 -0.0335696 0.0979691 -0.0464166 0.0946496 -0.0199140 -0.0478407 0.0641408 0.1351846 -0.0242260 -0.0487853 -0.0531788 -0.0465258 -0.0424069 -0.0423678 -0.0047363 -0.0494963 -0.0467327 -0.0219122 -0.0564185 0.0873091 -0.0405657 -0.0032768 -0.0049161 -0.0496363 0.1053536 0.1007541 -0.0423977 -0.0501455 -0.0034073 0.1050701 -0.0462463 -0.0329114 -0.0439363 -0.0459932 -0.0472080 -0.0539017 0.0490042 0.1279893 -0.0506414 -0.0008804 -0.0459257 -0.0446930 -0.0432378 -0.0325632 0.1097922 0.0500390 0.1034152 0.0399366 -0.0467995 -0.0436674 -0.0416463 -0.0461000 -0.0415992
-0.0017630 0.0895498 0.0807380 0.0414334 -0.0319764 -0.0203236 -0.0389226 -0.0021835 0.0858580 -0.0370371 0.0826344 -0.0330391 0.0876037 -0.0415166 0.1022560 -0.0204057 0.1015955 0.9636629 -0.0396344 -0.0039615 0.0418923 -0.0420050 -0.0183353 -0.0357822 -0.0185007 -0.0019860 -0.0325479 -0.0021658 0.0858350 -0.0326644 -0.0090290 -0.0389580 -0.0398426 -0.0407357 -0.0470443 -0.0436686 -0.0437480 0.0398671 -0.0421173 -0.0385426 -0.0414432 0.0456551 -0.0343872 -0.0247557 -0.0358180 -0.0367753 -0.0036925 -0.0351165 -0.0170196 -0.0339584 -0.0378498 -0.0432809 0.0954912 -0.0377543 -0.0183755 0.1018495 -0.0404451 -0.0330462 -0.0321043 -0.0373074 -0.0349963 0.0868961 -0.0360202 0.0993041 -0.0420956 0.0961813 -0.0303786 0.0864974 -0.0391693 0.0849572 -0.0180081 -0.0376626 0.0462582 0.1029674 -0.0197883 -0.0384509 -0.0445128 -0.0422337 -0.0338087 -0.0343575 -0.0028901 -0.0398753 -0.0399055 -0.0172286 -0.0478009 0.0792853 -0.0327414 -0.0043337 -0.0026307 -0.0460204 0.0901012 0.0868064 -0.0351201 -0.0415949 -0.0042008 0.0902995 -0.0363401 -0.0291564 -0.0357946 -0.0365703 -0.0379796 -0.0451749 0.0417856 0.0987774 -0.0402728 0.0008725 -0.0426228 -0.0371735 -0.0359612 -0.0266721 0.0928790 0.0419054 0.0870184 0.0371479 -0.0432147 -0.0359386 -0.0336167 -0.0377861 -0.0339286
0.0043444 -0.0397348 -0.0364377 0.0008126 -0.0403222 -0.0496497 -0.0491071 0.0043757 -0.0377694 -0.0471814 -0.0362498 -0.0416311 -0.0390700 -0.0529790 -0.0493750 0.0200393 -0.0492269 -0.0396344 0.9389803 0.0038918 0.0013843 0.1052877 0.0065285 -0.0453009 -0.0470845 0.0043467 -0.0414692 0.0040551 -0.0379758 -0.0412318 0.0220151 0.0971866 0.0032872 -0.0512858 0.1147891 0.1035246 0.1063332 0.0013835 0.1060003 0.0972307 -0.0524218 0.0001798 -0.0445721 -0.0573873 0.0897701 0.0922171 0.0040202 -0.0455191 -0.0399956 -0.0432356 0.0960482 0.1044799 -0.0438430 -0.0475639 -0.0454294 -0.0499660 0.1020263 -0.0420717 -0.0405572 0.0934012 0.0871477 -0.0394022 -0.0456251 -0.0491586 -0.0525972 -0.0468922 0.0301537 -0.0386954 -0.0498350 -0.0373480 -0.0451149 0.0958649 -0.0003163 -0.0501122 -0.0485891 0.0975398 0.1086839 -0.0534149 0.0838365 -0.0436872 0.0047190 0.1024357 -0.0503311 -0.0440153 0.1130679 -0.0348319 -0.0411943 0.0038537 0.0042988 -0.0589855 -0.0409686 -0.0392841 -0.0448136 0.0983642 -0.0147258 -0.0406053 0.0910228 0.0346263 -0.0456832 0.0925556 0.0965516 0.1097664 0.0020056 -0.0478337 0.1017895 -0.0300109 -0.0548059 -0.0476122 -0.0452004 0.0290789 -0.0416660 0.0020808 -0.0396135 0.0015896 -0.0539895 -0.0454993 -0.0427872 -0.0486878 -0.0428417
0.1065610 -0.0044022 -0.0043294 -0.0471567 -0.0229405 -0.0193761 -0.0261340 0.1191689 -0.0035783 -0.0265451 -0.0037382 -0.0233533 -0.0042408 -0.0275236 -0.0017395 0.0337451 -0.0015953 -0.0039615 0.0038918 0.9568287 -0.0472815 0.0035802 0.0486875 -0.0255054 -0.0219899 0.1100257 -0.0234098 0.1075480 -0.0032736 -0.0232452 0.0407551 0.0026953 -0.0053508 -0.0271343 0.0057568 0.0062264 0.0050168 -0.0431989 0.0035217 0.0023413 -0.0270116 -0.0524294 -0.0255527 -0.0246398 0.0027232 0.0025341 0.1416415 -0.0260490 -0.0226201 -0.0245951 0.0028748 0.0055907 -0.0038517 -0.0266739 -0.0211240 -0.0021378 0.0030754 -0.0238198 -0.0228394 0.0024850 0.0028974 -0.0037255 -0.0253373 -0.0027117 -0.0276355 -0.0021024 0.0019990 -0.0037438 -0.0281502 -0.0036430 -0.0170551 0.0028358 -0.0541482 -0.0014213 -0.0219857 0.0027660 0.0058464 -0.0276299 0.0024110 -0.0245660 0.1231392 0.0035864 -0.0279046 -0.0181659 0.0059545 -0.0037339 -0.0234686 0.1207841 0.1133678 -0.0302212 -0.0040588 -0.0090428 -0.0251346 0.0047927 0.0054682 -0.0032417 0.0019939 0.0338525 -0.0256724 0.0026737 0.0032850 0.0063344 -0.0467128 -0.0014236 0.0028874 -0.0103899 -0.0285772 -0.0266927 -0.0252896 -0.0002109 -0.0034273 -0.0475254 -0.0032335 -0.0404761 -0.0275752 -0.0259621 -0.0243261 -0.0276839 -0.0245249
-0.0388292 0.0405110 0.0370592 0.1028157 -0.0353088 -0.0304110 -0.0412009 -0.0422743 0.0385117 -0.0400882 0.0377163 -0.0358136 0.0394792 -0.0435272 0.0506956 -0.0096066 0.0507317 0.0418923 0.0013843 -0.0472815 0.9691138 0.0015636 -0.0306616 -0.0384291 -0.0292924 -0.0400916 -0.0364866 -0.0396000 0.0398331 -0.0361012 -0.0244378 0.0007253 -0.0432526 -0.0427406 0.0010214 0.0005195 0.0006090 0.0913300 0.0017116 0.0005468 -0.0433352 0.1138632 -0.0378067 -0.0342461 0.0001281 -0.0000437 -0.0471146 -0.0394422 -0.0241583 -0.0373963 0.0005610 0.0007099 0.0468290 -0.0403953 -0.0286497 0.0504659 0.0002579 -0.0365783 -0.0357006 -0.0002769 0.0006680 0.0405091 -0.0393443 0.0495573 -0.0438984 0.0478283 0.0040188 0.0395108 -0.0418292 0.0392230 -0.0274950 0.0006095 0.1185772 0.0509802 -0.0294848 0.0011158 0.0014357 -0.0444072 -0.0002130 -0.0378900 -0.0425916 0.0014570 -0.0420112 -0.0273716 0.0007455 0.0360104 -0.0361983 -0.0412777 -0.0398601 -0.0481554 0.0427324 0.0446118 -0.0387272 0.0008479 -0.0135684 0.0428959 -0.0002770 -0.0067081 -0.0394927 0.0007003 0.0011202 0.0011099 0.1035113 0.0495825 0.0010495 -0.0128422 -0.0442986 -0.0398558 -0.0383631 0.0043096 0.0451375 0.1033239 0.0435184 0.0842704 -0.0447114 -0.0392974 -0.0374120 -0.0416003 -0.0376551
0.0039337 -0.0418978 -0.0382114 0.0010910 -0.0423229 -0.0521212 -0.0518385 0.0038953 -0.0398527 -0.0499445 -0.0382640 -0.0439098 -0.0412064 -0.0561788 -0.0523171 0.0206078 -0.0520759 -0.0420050 0.1052877 0.0035802 0.0015636 0.9377784 0.0071531 -0.0479512 -0.0496664 0.0042747 -0.0438226 0.0040292 -0.0400990 -0.0434142 0.0231717 0.1041813 0.0034517 -0.0539988 0.1217206 0.1123829 0.1140369 0.0009897 0.1114587 0.1012884 -0.0554157 0.0003622 -0.0473209 -0.0608667 0.0932536 0.0956179 0.0037164 -0.0480951 -0.0421690 -0.0457603 0.0992773 0.1134745 -0.0465682 -0.0504321 -0.0478694 -0.0526837 0.1071850 -0.0443108 -0.0427614 0.0989771 0.0921002 -0.0414872 -0.0484798 -0.0518756 -0.0555202 -0.0494282 0.0320726 -0.0408210 -0.0527057 -0.0392847 -0.0476170 0.0992559 0.0002247 -0.0530977 -0.0509660 0.1011809 0.1145867 -0.0566866 0.0866638 -0.0460875 0.0043724 0.1068910 -0.0534919 -0.0465674 0.1231126 -0.0367233 -0.0434970 0.0039378 0.0043717 -0.0622528 -0.0433631 -0.0412052 -0.0474405 0.1072596 -0.0158804 -0.0429479 0.0944449 0.0362794 -0.0483351 0.0968275 0.1003823 0.1165017 0.0020294 -0.0508352 0.1070524 -0.0321217 -0.0582120 -0.0502845 -0.0477705 0.0297907 -0.0440743 0.0019145 -0.0420163 0.0017574 -0.0569577 -0.0482303 -0.0452017 -0.0517177 -0.0451353
0.0347285 -0.0190692 -0.0173378 -0.0305782 -0.0120321 0.0164630 -0.0108952 0.0384618 -0.0177952 -0.0138393 -0.0172809 -0.0128374 -0.0186321 -0.0114763 -0.0188058 0.0301101 -0.0182325 -0.0183353 0.0065285 0.0486875 -0.0306616 0.0071531 0.9738717 -0.0134858 0.0099560 0.0359537 -0.0130401 0.0357783 -0.0177352 -0.0128733 0.0311486 0.0060185 0.0144523 -0.0104067 0.0116066 0.0116435 0.0102328 -0.0283893 0.0064424 0.0052690 -0.0111544 -0.0316696 -0.0133708 0.0157626 0.0053278 0.0056673 0.0484175 -0.0143603 0.0104671 -0.0132855 0.0057420 0.0099781 -0.0195474 -0.0139759 0.0087307 -0.0179955 0.0060686 -0.0130179 -0.0130648 0.0053069 0.0052385 -0.0182071 -0.0128574 -0.0183495 -0.0106862 -0.0180326 0.0208053 -0.0181072 -0.0140184 -0.0177835 0.0136880 0.0056071 -0.0330755 -0.0183331 0.0102546 0.0055806 0.0096968 -0.0121681 0.0045202 -0.0136848 0.0402211 0.0064073 -0.0133799 0.0119493 0.0122281 -0.0167374 -0.0123298 0.0420053 0.0380082 -0.0110590 -0.0183811 -0.0235300 -0.0130424 0.0093742 -0.0220138 -0.0183050 0.0042445 0.0622058 -0.0134604 0.0052485 0.0059067 0.0099238 -0.0303264 -0.0187992 0.0058883 -0.0319398 -0.0111012 -0.0138159 -0.0131267 0.0142428 -0.0191083 -0.0305905 -0.0180157 -0.0268594 -0.0108359 -0.0133689 -0.0125526 -0.0142977 -0.0128531
-0.0209190 -0.0362796 -0.0334876 -0.0378981 0.0587112 0.0336044 0.0700433 -0.0227472 -0.0348545 0.0696878 -0.0333557 0.0622720 -0.0356457 0.0747936 -0.0432787 -0.0271658 -0.0434097 -0.0357822 -0.0453009 -0.0255054 -0.0384291 -0.0479512 -0.0134858 0.9383469 0.0355879 -0.0213049 0.0593909 -0.0211422 -0.0347545 0.0610292 -0.0288330 -0.0445484 0.0186556 0.0722096 -0.0536566 -0.0505591 -0.0500619 -0.0357485 -0.0480946 -0.0445012 0.0748227 -0.0436537 0.0637077 0.0412376 -0.0414310 -0.0422069 -0.0254844 0.0660817 0.0268105 0.0647192 -0.0434768 -0.0492057 -0.0391547 0.0722318 0.0352219 -0.0437709 -0.0465535 0.0622833 0.0600534 -0.0434214 -0.0401450 -0.0360478 0.0660747 -0.0435593 0.0721638 -0.0413885 -0.0227822 -0.0354463 0.0736086 -0.0342032 0.0328430 -0.0440880 -0.0451324 -0.0437954 0.0378388 -0.0443648 -0.0504596 0.0758466 -0.0385076 0.0647037 -0.0224779 -0.0457123 0.0757912 0.0334914 -0.0534853 -0.0327040 0.0605488 -0.0224673 -0.0213943 0.0800505 -0.0374567 -0.0346583 0.0643095 -0.0475869 -0.0040352 -0.0364642 -0.0422626 -0.0331119 0.0680067 -0.0423493 -0.0439841 -0.0517056 -0.0379452 -0.0422188 -0.0466549 0.0132865 0.0749224 0.0710667 0.0687609 -0.0172109 -0.0377658 -0.0382935 -0.0360496 -0.0337580 0.0752148 0.0666699 0.0618494 0.0702718 0.0619942
-0.0163594 -0.0185511 -0.0163380 -0.0285735 0.0333240 0.0932234 0.0373277 -0.0186493 -0.0182804 0.0376516 -0.0175181 0.0331713 -0.0186463 0.0377245 -0.0244895 -0.0116717 -0.0240010 -0.0185007 -0.0470845 -0.0219899 -0.0292924 -0.0496664 0.0099560 0.0355879 0.9723760 -0.0168786 0.0344753 -0.0166666 -0.0180806 0.0338000 -0.0108331 -0.0459590 0.0366738 0.0376730 -0.0562205 -0.0515945 -0.0519948 -0.0260192 -0.0501902 -0.0455700 0.0383394 -0.0333826 0.0359371 0.1049505 -0.0423289 -0.0433425 -0.0222220 0.0360951 0.0814370 0.0342762 -0.0445239 -0.0509845 -0.0214745 0.0373435 0.0927864 -0.0238375 -0.0479069 0.0341815 0.0326346 -0.0440386 -0.0407867 -0.0184598 0.0372801 -0.0243213 0.0390333 -0.0233403 -0.0379475 -0.0181861 0.0385738 -0.0175554 0.0831104 -0.0451001 -0.0352393 -0.0246304 0.0948976 -0.0455081 -0.0529392 0.0381021 -0.0392804 0.0346736 -0.0186399 -0.0473508 0.0384891 0.0852358 -0.0559215 -0.0167199 0.0328202 -0.0192586 -0.0173734 0.0413790 -0.0195505 -0.0202058 0.0365391 -0.0491434 0.0292553 -0.0195769 -0.0431986 -0.0194867 0.0365505 -0.0434510 -0.0452113 -0.0541848 -0.0291399 -0.0241031 -0.0479017 0.0476422 0.0396686 0.0366914 0.0358283 -0.0335514 -0.0203050 -0.0291632 -0.0197078 -0.0241444 0.0392740 0.0370531 0.0344410 0.0385824 0.0352753
0.0966612 -0.0010983 -0.0008528 -0.0397192 -0.0176944 -0.0182092 -0.0239324 0.1018484 -0.0008988 -0.0218168 -0.0011155 -0.0187642 -0.0016977 -0.0262084 -0.0063916 0.0263859 -0.0057694 -0.0019860 0.0043467 0.1100257 -0.0400916 0.0042747 0.0359537 -0.0213049 -0.0168786 0.9628598 -0.0174933 0.0982230 -0.0014824 -0.0180870 0.0391691 0.0049366 -0.0032087 -0.0253619 0.0022136 0.0034457 0.0031192 -0.0353460 0.0038369 0.0050003 -0.0264721 -0.0462800 -0.0204207 -0.0235886 0.0055322 0.0055599 0.1102797 -0.0200648 -0.0171180 -0.0196276 0.0049490 0.0031227 -0.0036380 -0.0226218 -0.0160861 -0.0056565 0.0052875 -0.0182575 -0.0176375 0.0055701 0.0044251 -0.0014179 -0.0208458 -0.0057537 -0.0259922 -0.0058468 -0.0018231 -0.0013153 -0.0242788 -0.0013361 -0.0162463 0.0053253 -0.0483829 -0.0061914 -0.0182811 0.0046891 0.0026407 -0.0265221 0.0051684 -0.0194870 0.1029744 0.0039724 -0.0245942 -0.0147554 0.0022608 -0.0005680 -0.0180814 0.0958242 0.0992472 -0.0293299 -0.0024278 -0.0066072 -0.0206868 0.0029241 0.0032221 -0.0031321 0.0054276 0.0234205 -0.0211012 0.0048416 0.0049580 0.0025273 -0.0398302 -0.0060217 0.0048303 -0.0066230 -0.0280591 -0.0226198 -0.0213559 0.0001047 -0.0032580 -0.0402117 -0.0029641 -0.0334216 -0.0270083 -0.0208636 -0.0188552 -0.0224971 -0.0188142
-0.0173580 -0.0311692 -0.0284407 -0.0357688 0.0570191 0.0285098 0.0602784 -0.0197658 -0.0301784 0.0638139 -0.0295236 0.0578566 -0.0306009 0.0649466 -0.0405418 -0.0251152 -0.0401609 -0.0325479 -0.0414692 -0.0234098 -0.0364866 -0.0438226 -0.0130401 0.0593909 0.0344753 -0.0174933 0.9550901 -0.0171958 -0.0312458 0.0587444 -0.0246441 -0.0401383 0.0169075 0.0599835 -0.0495490 -0.0461012 -0.0458754 -0.0316180 -0.0438560 -0.0394021 0.0633859 -0.0408669 0.0593357 0.0326964 -0.0366521 -0.0373236 -0.0237121 0.0640246 0.0263704 0.0598270 -0.0391506 -0.0452626 -0.0364122 0.0620667 0.0336523 -0.0402766 -0.0414192 0.0604843 0.0584261 -0.0377183 -0.0365758 -0.0315533 0.0609853 -0.0402837 0.0636394 -0.0388594 -0.0211240 -0.0308890 0.0628201 -0.0301155 0.0265219 -0.0391320 -0.0423615 -0.0408416 0.0324175 -0.0396535 -0.0461157 0.0649005 -0.0340498 0.0604228 -0.0203849 -0.0419207 0.0624209 0.0277035 -0.0489493 -0.0282072 0.0572304 -0.0206433 -0.0191188 0.0689704 -0.0334695 -0.0305926 0.0606213 -0.0435685 -0.0044368 -0.0335252 -0.0368228 -0.0306939 0.0623673 -0.0382938 -0.0398510 -0.0473148 -0.0358316 -0.0393385 -0.0418117 0.0114510 0.0656948 0.0626321 0.0594249 -0.0149786 -0.0347892 -0.0363426 -0.0335504 -0.0294008 0.0648917 0.0632622 0.0608117 0.0650429 0.0596810
0.0956067 -0.0010811 -0.0005161 -0.0387877 -0.0169512 -0.0181192 -0.0237807 0.0996254 -0.0010679 -0.0219830 -0.0009615 -0.0186092 -0.0009434 -0.0260793 -0.0066538 0.0257179 -0.0059475 -0.0021658 0.0040551 0.1075480 -0.0396000 0.0040292 0.0357783 -0.0211422 -0.0166666 0.0982230 -0.0171958 0.9644245 -0.0014658 -0.0176571 0.0396058 0.0047403 -0.0030317 -0.0247801 0.0016643 0.0035009 0.0029693 -0.0345238 0.0034670 0.0052086 -0.0263382 -0.0460240 -0.0202040 -0.0234354 0.0055317 0.0055512 0.1079775 -0.0196730 -0.0169841 -0.0193635 0.0048808 0.0034106 -0.0038975 -0.0227846 -0.0159985 -0.0057622 0.0052056 -0.0179873 -0.0171601 0.0061322 0.0044951 -0.0015277 -0.0205560 -0.0055474 -0.0252471 -0.0057209 -0.0014730 -0.0016519 -0.0244600 -0.0017235 -0.0164107 0.0052626 -0.0474646 -0.0068127 -0.0185133 0.0045934 0.0020944 -0.0266326 0.0054211 -0.0191553 0.1010997 0.0038067 -0.0245387 -0.0146830 0.0025218 -0.0001906 -0.0172885 0.0958790 0.0985549 -0.0289838 -0.0021030 -0.0066125 -0.0197683 0.0032059 0.0030456 -0.0031864 0.0052289 0.0229632 -0.0208258 0.0046873 0.0043378 0.0019905 -0.0392660 -0.0061849 0.0047682 -0.0068158 -0.0278060 -0.0225764 -0.0214534 0.0004376 -0.0031406 -0.0398740 -0.0029166 -0.0325244 -0.0264353 -0.0203874 -0.0179017 -0.0218839 -0.0182192
-0.0013624 0.0866740 0.0783785 0.0388449 -0.0309910 -0.0194212 -0.0377357 -0.0023296 0.0815270 -0.0359653 0.0795132 -0.0321903 0.0833880 -0.0404208 0.0970385 -0.0195002 0.0976082 0.0858350 -0.0379758 -0.0032736 0.0398331 -0.0400990 -0.0177352 -0.0347545 -0.0180806 -0.0014824 -0.0312458 -0.0014658 0.9650577 -0.0316342 -0.0088322 -0.0372911 -0.0382693 -0.0394827 -0.0451726 -0.0418020 -0.0419261 0.0372217 -0.0403152 -0.0371567 -0.0400936 0.0425065 -0.0338597 -0.0241335 -0.0345686 -0.0352147 -0.0036744 -0.0343371 -0.0169775 -0.0331894 -0.0363045 -0.0413826 0.0930591 -0.0366759 -0.0177532 0.0989990 -0.0386307 -0.0320755 -0.0311001 -0.0358787 -0.0333987 0.0857262 -0.0345384 0.0970679 -0.0402573 0.0931856 -0.0297545 0.0829636 -0.0382103 0.0817767 -0.0175512 -0.0365553 0.0429417 0.0977086 -0.0197100 -0.0369451 -0.0425051 -0.0407280 -0.0323369 -0.0333677 -0.0021606 -0.0380984 -0.0384924 -0.0167669 -0.0452302 0.0779194 -0.0316713 -0.0035658 -0.0016817 -0.0439943 0.0879946 0.0848777 -0.0338790 -0.0399825 -0.0042248 0.0866917 -0.0350065 -0.0282310 -0.0350545 -0.0351244 -0.0364373 -0.0429779 0.0393028 0.0940139 -0.0384865 0.0010518 -0.0414213 -0.0363190 -0.0348370 -0.0258630 0.0898087 0.0405468 0.0857116 0.0364619 -0.0412002 -0.0346877 -0.0324907 -0.0365013 -0.0325891
-0.0176114 -0.0319786 -0.0296471 -0.0352673 0.0561383 0.0292883 0.0614840 -0.0197502 -0.0311288 0.0627279 -0.0299668 0.0581613 -0.0317673 0.0646821 -0.0407395 -0.0250500 -0.0402294 -0.0326644 -0.0412318 -0.0232452 -0.0361012 -0.0434142 -0.0128733 0.0610292 0.0338000 -0.0180870 0.0587444 -0.0176571 -0.0316342 0.9477559 -0.0250837 -0.0400785 0.0168741 0.0630135 -0.0490755 -0.0459240 -0.0454046 -0.0319964 -0.0436233 -0.0394882 0.0644272 -0.0411197 0.0597402 0.0340555 -0.0366129 -0.0375914 -0.0234012 0.0634116 0.0256938 0.0597234 -0.0389875 -0.0446456 -0.0364031 0.0636114 0.0327689 -0.0407620 -0.0414097 0.0592997 0.0586956 -0.0382387 -0.0360968 -0.0325980 0.0609657 -0.0404264 0.0639205 -0.0388042 -0.0213758 -0.0317565 0.0639781 -0.0308890 0.0274507 -0.0390968 -0.0425919 -0.0412768 0.0330451 -0.0396547 -0.0459512 0.0654269 -0.0340965 0.0603639 -0.0202415 -0.0414434 0.0651212 0.0294304 -0.0488543 -0.0289636 0.0569189 -0.0205403 -0.0189319 0.0688293 -0.0336542 -0.0311198 0.0599333 -0.0431600 -0.0035375 -0.0337154 -0.0371824 -0.0307841 0.0626366 -0.0379400 -0.0397236 -0.0467076 -0.0357210 -0.0393302 -0.0417404 0.0123359 0.0650899 0.0623389 0.0607415 -0.0151317 -0.0347114 -0.0360017 -0.0335363 -0.0301149 0.0660680 0.0613487 0.0588287 0.0645991 0.0591563
0.0385402 -0.0082321 -0.0062356 -0.0234646 -0.0237762 -0.0108879 -0.0316824 0.0395776 -0.0075773 -0.0302516 -0.0072513 -0.0258149 -0.0080409 -0.0343541 -0.0147104 0.0732619 -0.0141564 -0.0090290 0.0220151 0.0407551 -0.0244378 0.0231717 0.0311486 -0.0288330 -0.0108331 0.0391691 -0.0246441 0.0396058 -0.0088322 -0.0250837 0.9983521 0.0228799 0.0423207 -0.0329146 0.0229735 0.0250949 0.0230815 -0.0208463 0.0229910 0.0232085 -0.0343544 -0.0288989 -0.0262554 -0.0155384 0.0222869 0.0224455 0.0410483 -0.0276445 -0.0025374 -0.0264513 0.0223218 0.0226851 -0.0114241 -0.0305127 -0.0098916 -0.0145563 0.0240065 -0.0254225 -0.0245686 0.0235704 0.0213811 -0.0088693 -0.0287177 -0.0137013 -0.0334967 -0.0131733 0.0575888 -0.0083136 -0.0323783 -0.0079931 -0.0106821 0.0225897 -0.0297101 -0.0148243 -0.0118781 0.0228130 0.0222053 -0.0347479 0.0211214 -0.0265845 0.0393947 0.0221618 -0.0328539 -0.0091428 0.0230082 -0.0071528 -0.0246690 0.0374137 0.0382450 -0.0384185 -0.0091847 -0.0140914 -0.0276127 0.0225870 -0.0009286 -0.0101282 0.0224825 0.0447873 -0.0286111 0.0217266 0.0218683 0.0219615 -0.0241568 -0.0139565 0.0233130 -0.0043533 -0.0347407 -0.0303864 -0.0291380 0.0542178 -0.0105943 -0.0246464 -0.0100007 -0.0196645 -0.0349868 -0.0285684 -0.0255961 -0.0303125 -0.0258184
