0.0000996 0.0000996 0.9695599 0.0302408
0.0000991 0.8286722 0.1711295 0.0000991
0.0000997 0.8226824 0.1771181 0.0000997
0.0429726 0.6218295 0.0000972 0.3351008
0.9759376 0.0001348 0.0030715 0.0208561
0.7460997 0.0597803 0.1940210 0.0000990
0.9842672 0.0001002 0.0001002 0.0155325
0.0000995 0.0000995 0.9705204 0.0292806
0.0000993 0.8252187 0.1745826 0.0000993
0.9855323 0.0001001 0.0001001 0.0142674
0.0000994 0.8271693 0.1726318 0.0000994
0.9811557 0.0001003 0.0001003 0.0186436
0.0000993 0.8287888 0.1710126 0.0000993
0.9871680 0.0001000 0.0001000 0.0126320
0.0000988 0.8343202 0.1654822 0.0000988
0.0631492 0.0001008 0.5990049 0.3377450
0.0000986 0.8336005 0.1662022 0.0000986
0.0000992 0.8299564 0.1698451 0.0000992
0.0000999 0.0000999 0.0469980 0.9528022
0.0000993 0.0000993 0.9719008 0.0279006
0.0399166 0.6255780 0.0000971 0.3344082
0.0000998 0.0000998 0.0449360 0.9548644
0.1942176 0.0001008 0.6332546 0.1724270
0.9826179 0.0001002 0.0001002 0.0171817
0.7848114 0.0570950 0.1579944 0.0000992
0.0000996 0.0000996 0.9698972 0.0299037
0.9815044 0.0004732 0.0001118 0.0179106
0.0000996 0.0000996 0.9697488 0.0300520
0.0000992 0.8272383 0.1725632 0.0000992
0.9792617 0.0001183 0.0002289 0.0203911
0.0001007 0.0001007 0.7160918 0.2837068
0.0000999 0.0000999 0.0459806 0.9538196
0.4954833 0.0000984 0.2625183 0.2419000
0.9832659 0.0001002 0.0001002 0.0165337
0.0000995 0.0000995 0.0435252 0.9562758
0.0001001 0.0001001 0.0596010 0.9401988
0.0000997 0.0000997 0.0467157 0.9530849
0.0413550 0.6246676 0.0000973 0.3338801
0.0000998 0.0000998 0.0438129 0.9559875
0.0000999 0.0000999 0.0450617 0.9547385
0.9876966 0.0001000 0.0001000 0.0121034
0.0352681 0.6301699 0.0000969 0.3344651
0.9758575 0.0015114 0.0001161 0.0225151
0.7798280 0.0518981 0.1681749 0.0000990
0.0001001 0.0001001 0.0476681 0.9521319
0.0001000 0.0001000 0.0465567 0.9532433
0.0000993 0.0000993 0.9718447 0.0279567
0.9840689 0.0001001 0.0001001 0.0157308
0.7210602 0.0723245 0.2065149 0.0001004
0.9829808 0.0001003 0.0001003 0.0168187
0.0001000 0.0001000 0.0457809 0.9540190
0.0000997 0.0000997 0.0458870 0.9539136
0.0000990 0.8309818 0.1688203 0.0000990
0.9849266 0.0001001 0.0001001 0.0148732
0.7853705 0.0572491 0.1572811 0.0000993
0.0000986 0.8328062 0.1669966 0.0000986
0.0000998 0.0000998 0.0442567 0.9555438
0.9809856 0.0001003 0.0001003 0.0188137
0.9788172 0.0003122 0.0003936 0.0204769
0.0001000 0.0001000 0.0460303 0.9537697
0.0001001 0.0001001 0.0485257 0.9512740
0.0000992 0.8294168 0.1703848 0.0000992
0.9853141 0.0001002 0.0001002 0.0144855
0.0000986 0.8319326 0.1678700 0.0000986
0.9847685 0.0001000 0.0001000 0.0150315
0.0000988 0.8313977 0.1684048 0.0000988
0.1919232 0.0054524 0.2674782 0.5351462
0.0000992 0.8281568 0.1716447 0.0000992
0.9861265 0.0001000 0.0001000 0.0136734
0.0000993 0.8280219 0.1717794 0.0000993
0.7518582 0.0603530 0.1876898 0.0000990
0.0000999 0.0000999 0.0459321 0.9538680
0.0329768 0.6312795 0.0000967 0.3356470
0.0000986 0.8334756 0.1663271 0.0000986
0.7853547 0.0588055 0.1557405 0.0000992
0.0000999 0.0000999 0.0454009 0.9543993
0.0000997 0.0000997 0.0442412 0.9555596
0.9882662 0.0000999 0.0000999 0.0115341
0.0001002 0.0001002 0.0486947 0.9511049
0.9834671 0.0001002 0.0001002 0.0163325
0.0000996 0.0000996 0.9705373 0.0292636
0.0001000 0.0001000 0.0457049 0.9540951
0.9862456 0.0001000 0.0001000 0.0135544
0.7515413 0.0604958 0.1878638 0.0000991
0.0000995 0.0000995 0.0444976 0.9553034
0.0000996 0.8255611 0.1742397 0.0000996
0.9803193 0.0001984 0.0003679 0.0191144
0.0000995 0.0000995 0.9701009 0.0297003
0.0000996 0.0000996 0.9700357 0.0297651
0.9905931 0.0000998 0.0000998 0.0092073
0.0000991 0.8311228 0.1686791 0.0000991
0.0001005 0.8560345 0.1437645 0.0001005
0.9841463 0.0001002 0.0001002 0.0156532
0.0000999 0.0000999 0.0455187 0.9542816
0.3609565 0.1776544 0.3718462 0.0895429
0.0000992 0.8285361 0.1712655 0.0000992
0.0001000 0.0001000 0.0457721 0.9540279
0.0497920 0.0001004 0.5265353 0.4235723
0.9853745 0.0001001 0.0001001 0.0144253
0.0001000 0.0001000 0.0465432 0.9532568
0.0000999 0.0000999 0.0464237 0.9533765
0.0000996 0.0000996 0.0442670 0.9555338
0.0390776 0.6244537 0.0000971 0.3363717
0.0000987 0.8329410 0.1668615 0.0000987
0.0000998 0.0000998 0.0446411 0.9551592
0.5512106 0.2326584 0.2160300 0.0001009
0.9856697 0.0001000 0.0001000 0.0141301
0.9855537 0.0001001 0.0001001 0.0142461
0.9841276 0.0001002 0.0001002 0.0156720
0.2132944 0.0095551 0.2286987 0.5484518
0.0000991 0.8319257 0.1678761 0.0000991
0.0397922 0.6258342 0.0000971 0.3342765
0.0000993 0.8295517 0.1702498 0.0000993
0.0443013 0.6217973 0.0000975 0.3338040
0.9873001 0.0000999 0.0000999 0.0125000
0.9843704 0.0001001 0.0001001 0.0154294
0.9788228 0.0002384 0.0019271 0.0190117
0.9849446 0.0001002 0.0001002 0.0148550
0.9786301 0.0001004 0.0022715 0.0189980
