1.3004687 0.0134384 0.0150979 -0.2904813 -0.1562374 -0.0053647 -0.1639727 0.6780072 0.0154675 -0.1635796 0.0131771 -0.1595258 0.0125981 -0.1667762 0.0083358 0.3617860 0.0104812 0.0116335 0.0017420 0.6833915 -0.2919832 0.0004042 0.3700102 -0.1628695 -0.0339795 0.6762228 -0.1591613 0.6756438 0.0142679 -0.1584562 0.4559492 0.0011973 0.0926483 -0.1632846 -0.0000394 0.0099265 0.0019971 -0.2854735 -0.0003868 0.0006766 -0.1662402 -0.2994780 -0.1590727 -0.0281352 0.0020469 0.0013334 0.6843899 -0.1626711 -0.0021875 -0.1604595 0.0000972 0.0008285 0.0116269 -0.1650056 -0.0348867 0.0108325 0.0006157 -0.1589375 -0.1582085 0.0010772 0.0018827 0.0122536 -0.1616636 0.0112952 -0.1666575 0.0112354 0.1175220 0.0132180 -0.1653278 0.0126859 -0.0095675 0.0010638 -0.3047644 0.0102897 -0.0368098 0.0006055 -0.0004777 -0.1683101 0.0015972 -0.1612632 0.6764379 -0.0000589 -0.1665575 -0.0095448 0.0009353 0.0136553 -0.1588005 0.6774851 0.6748916 -0.1704149 0.0114386 -0.0196018 -0.1617199 -0.0003449 0.1462379 0.0124578 0.0007048 0.3178594 -0.1628086 0.0010991 0.0015895 0.0003172 -0.2917157 0.0099818 0.0003060 0.0130906 -0.1677619 -0.1647277 -0.1627253 0.0883129 0.0098001 -0.2913225 0.0113003 -0.2820812 -0.1673181 -0.1624064 -0.1584009 -0.1629367 -0.1583728
0.0134384 1.2335384 0.5024341 0.2623755 -0.2029195 -0.1016780 -0.2087040 0.0137521 0.5096998 -0.2072023 0.5083259 -0.2048113 0.5123240 -0.2103575 0.5226356 -0.0853475 0.5258062 0.5132245 -0.2221051 0.0126052 0.2651467 -0.2228509 -0.0711925 -0.2068906 -0.1116084 0.0140306 -0.2025150 0.0139531 0.5119636 -0.2035593 -0.0482778 -0.2218385 -0.2118188 -0.2093379 -0.2262515 -0.2203691 -0.2235055 0.2653922 -0.2236393 -0.2216571 -0.2109971 0.2704381 -0.2026463 -0.1151086 -0.2205731 -0.2209554 0.0127185 -0.2065697 -0.0976309 -0.2051234 -0.2209727 -0.2238544 0.5177799 -0.2082827 -0.1122711 0.5250427 -0.2226549 -0.2048425 -0.2029918 -0.2209153 -0.2199381 0.5136104 -0.2065485 0.5240071 -0.2110025 0.5201316 -0.1522491 0.5124696 -0.2088694 0.5099655 -0.1028745 -0.2209957 0.2723479 0.5247962 -0.1121207 -0.2214510 -0.2254991 -0.2123249 -0.2200662 -0.2055802 0.0123648 -0.2217370 -0.2098423 -0.1020876 -0.2268823 0.5052442 -0.2036112 0.0120793 0.0131183 -0.2135173 0.5158649 0.5087188 -0.2054502 -0.2234291 0.0101794 0.5118875 -0.2208937 -0.1162105 -0.2072183 -0.2212202 -0.2217038 -0.2256640 0.2644888 0.5213457 -0.2222433 0.0234940 -0.2102728 -0.2074745 -0.2070443 -0.1561718 0.5156224 0.2654096 0.5110495 0.2627162 -0.2122074 -0.2070071 -0.2037354 -0.2068078 -0.2042296
0.0150979 0.5024341 1.2297528 0.2572330 -0.1985635 -0.0987640 -0.2045467 0.0147085 0.4977001 -0.2037301 0.4959685 -0.2011664 0.5005596 -0.2070523 0.5096281 -0.0819865 0.5124453 0.5002268 -0.2171542 0.0135730 0.2595963 -0.2180106 -0.0688406 -0.2031036 -0.1086070 0.0150686 -0.1984920 0.0153408 0.4989640 -0.1998614 -0.0450828 -0.2169732 -0.2068552 -0.2049142 -0.2215466 -0.2148056 -0.2183809 0.2593502 -0.2189075 -0.2167803 -0.2072039 0.2644844 -0.1982591 -0.1121070 -0.2156086 -0.2159694 0.0139900 -0.2026821 -0.0941665 -0.2012818 -0.2160382 -0.2186702 0.5047803 -0.2047659 -0.1095430 0.5122715 -0.2178886 -0.2012180 -0.1992054 -0.2157787 -0.2147653 0.5016435 -0.2022990 0.5119172 -0.2070387 0.5084428 -0.1467849 0.5001819 -0.2052769 0.4974698 -0.0998661 -0.2160757 0.2658255 0.5120226 -0.1098404 -0.2166337 -0.2206465 -0.2086135 -0.2148277 -0.2018657 0.0136272 -0.2168919 -0.2061667 -0.0998876 -0.2217316 0.4935544 -0.1991622 0.0138570 0.0146573 -0.2099259 0.5037808 0.4961280 -0.2011027 -0.2184108 0.0111725 0.4992457 -0.2160413 -0.1122274 -0.2034442 -0.2162646 -0.2165214 -0.2210680 0.2582955 0.5080974 -0.2172540 0.0235546 -0.2063236 -0.2040549 -0.2030749 -0.1519484 0.5019677 0.2594593 0.4982387 0.2572243 -0.2083666 -0.2032358 -0.1995144 -0.2033137 -0.1997846
-0.2904813 0.2623755 0.2572330 1.1569839 -0.1690714 -0.1693299 -0.1713358 -0.2904607 0.2598107 -0.1706705 0.2609027 -0.1693967 0.2619793 -0.1722900 0.2689372 -0.1530634 0.2694908 0.2635399 0.0537028 -0.2925750 0.4027447 0.0548453 -0.2073728 -0.1693291 -0.1663187 -0.2912011 -0.1696108 -0.2907192 0.2613482 -0.1688242 -0.1921949 0.0540033 -0.1971236 -0.1713873 0.0545370 0.0491366 0.0537937 0.3933199 0.0557354 0.0546810 -0.1734566 0.4138421 -0.1663752 -0.1704216 0.0534201 0.0539614 -0.2924896 -0.1706704 -0.1546918 -0.1703389 0.0547313 0.0540850 0.2652749 -0.1706763 -0.1656611 0.2682340 0.0546668 -0.1702546 -0.1688447 0.0540071 0.0535808 0.2628389 -0.1715861 0.2677508 -0.1724204 0.2664585 -0.0504839 0.2618450 -0.1709746 0.2614534 -0.1687295 0.0546240 0.4196896 0.2685899 -0.1640013 0.0547826 0.0544412 -0.1732804 0.0530015 -0.1705467 -0.2907755 0.0549863 -0.1712777 -0.1676780 0.0534202 0.2587751 -0.1694094 -0.2915976 -0.2904454 -0.1749821 0.2647936 0.2780760 -0.1707866 0.0549207 -0.0947248 0.2629585 0.0544337 -0.1283100 -0.1712500 0.0544215 0.0546656 0.0546058 0.4023508 0.2682044 0.0546668 -0.0712381 -0.1714670 -0.1698487 -0.1703036 -0.0428529 0.2656294 0.4018407 0.2637060 0.3856722 -0.1737230 -0.1713032 -0.1701817 -0.1720843 -0.1706769
-0.1562374 -0.2029195 -0.1985635 -0.1690714 1.0912198 0.2274259 0.3528432 -0.1577547 -0.2015867 0.3529887 -0.2019658 0.3476321 -0.2020803 0.3562748 -0.2086786 -0.1489746 -0.2086586 -0.2031578 -0.2311936 -0.1603621 -0.1711380 -0.2322830 -0.0687311 0.3499241 0.2469717 -0.1567954 0.3493385 -0.1561243 -0.2033722 0.3469036 -0.1763112 -0.2304168 0.1030723 0.3525302 -0.2365264 -0.2297553 -0.2335745 -0.1683125 -0.2325601 -0.2301774 0.3548843 -0.1762446 0.3444766 0.2444258 -0.2286279 -0.2292239 -0.1607410 0.3533201 0.2026634 0.3495322 -0.2296758 -0.2340879 -0.2056203 0.3528146 0.2463566 -0.2092913 -0.2316124 0.3486373 0.3461838 -0.2291583 -0.2292120 -0.2032408 0.3516238 -0.2086587 0.3560105 -0.2073979 -0.1028139 -0.2023689 0.3543660 -0.2025426 0.2293935 -0.2305711 -0.1780501 -0.2094039 0.2453537 -0.2307126 -0.2348064 0.3567620 -0.2271313 0.3507576 -0.1573938 -0.2312272 0.3536049 0.2289682 -0.2361552 -0.2008113 0.3476354 -0.1595891 -0.1575244 0.3611950 -0.2049206 -0.1971130 0.3505937 -0.2331466 0.0055330 -0.2034554 -0.2295007 -0.1604784 0.3528261 -0.2303596 -0.2310873 -0.2359557 -0.1717402 -0.2088906 -0.2315535 0.1097555 0.3538880 0.3526452 0.3503109 -0.0907182 -0.2050005 -0.1716436 -0.2042261 -0.1666963 0.3557513 0.3521372 0.3481879 0.3532780 0.3477861
-0.0053647 -0.1016780 -0.0987640 -0.1693299 0.2274259 1.0601494 0.2343577 -0.0064637 -0.1010060 0.2305405 -0.1012698 0.2273837 -0.1021839 0.2354140 -0.1010632 -0.0525249 -0.1008978 -0.1019141 -0.2444306 -0.0063808 -0.1715536 -0.2453771 0.0329426 0.2289543 0.2615186 -0.0059847 0.2269605 -0.0058822 -0.1012021 0.2262025 -0.0574556 -0.2443532 0.1013762 0.2342272 -0.2471432 -0.2365979 -0.2441297 -0.1709184 -0.2459657 -0.2450639 0.2357263 -0.1731702 0.2257705 0.2827142 -0.2432791 -0.2439991 -0.0061329 0.2288235 0.2364305 0.2282022 -0.2439516 -0.2451690 -0.1017017 0.2307054 0.2588307 -0.1006275 -0.2462050 0.2273290 0.2263816 -0.2442949 -0.2427631 -0.1017755 0.2304413 -0.0999181 0.2352531 -0.0993545 -0.0988145 -0.1014194 0.2325107 -0.1014620 0.2635849 -0.2451602 -0.1752021 -0.1009126 0.2631050 -0.2452980 -0.2464258 0.2357161 -0.2419252 0.2284277 -0.0060366 -0.2443861 0.2314030 0.2585560 -0.2472540 -0.1013914 0.2264524 -0.0054787 -0.0057028 0.2379630 -0.1026803 -0.1058397 0.2290865 -0.2442050 0.0773492 -0.1003886 -0.2443330 -0.0769162 0.2303364 -0.2442279 -0.2444151 -0.2468670 -0.1726030 -0.1012583 -0.2459526 0.1453749 0.2349676 0.2306164 0.2297709 -0.1014305 -0.1022238 -0.1722866 -0.1013763 -0.1695501 0.2355963 0.2296995 0.2267595 0.2301168 0.2266049
-0.1639727 -0.2087040 -0.2045467 -0.1713358 0.3528432 0.2343577 1.0843573 -0.1648163 -0.2076832 0.3624266 -0.2077264 0.3552568 -0.2080618 0.3719315 -0.2086485 -0.1533448 -0.2090381 -0.2080172 -0.2378484 -0.1637846 -0.1728673 -0.2388457 -0.0688256 0.3600191 0.2500750 -0.1644574 0.3542295 -0.1643318 -0.2082074 0.3533182 -0.1854922 -0.2378508 0.1033642 0.3695529 -0.2406425 -0.2341864 -0.2378576 -0.1726946 -0.2392249 -0.2386617 0.3716164 -0.1747736 0.3511522 0.2542993 -0.2369762 -0.2376463 -0.1635154 0.3591749 0.2026250 0.3568055 -0.2375854 -0.2383929 -0.2086945 0.3639373 0.2495287 -0.2088336 -0.2397323 0.3551373 0.3524579 -0.2376266 -0.2366399 -0.2083283 0.3603809 -0.2077918 0.3738021 -0.2069926 -0.1035968 -0.2077397 0.3662333 -0.2078375 0.2367657 -0.2387503 -0.1771406 -0.2092361 0.2497745 -0.2387641 -0.2392885 0.3733126 -0.2357008 0.3572996 -0.1633892 -0.2378143 0.3669470 0.2318709 -0.2399605 -0.2064405 0.3541648 -0.1629421 -0.1635840 0.3778566 -0.2094801 -0.2015783 0.3587297 -0.2369376 0.0050843 -0.2071421 -0.2379998 -0.1633269 0.3612854 -0.2379375 -0.2383311 -0.2401111 -0.1738978 -0.2088661 -0.2394387 0.1089353 0.3697321 0.3630909 0.3607695 -0.0946622 -0.2085551 -0.1731998 -0.2074513 -0.1710440 0.3732813 0.3604988 0.3542696 0.3615054 0.3542289
0.6780072 0.0137521 0.0147085 -0.2904607 -0.1577547 -0.0064637 -0.1648163 1.2947870 0.0162504 -0.1645941 0.0139091 -0.1601956 0.0130871 -0.1670356 0.0105130 0.3620510 0.0113125 0.0122097 0.0016154 0.6895263 -0.2920827 0.0002094 0.3711914 -0.1635486 -0.0358106 0.6796142 -0.1609083 0.6783825 0.0143197 -0.1597865 0.4562970 0.0007347 0.0914279 -0.1641631 0.0011071 0.0095391 0.0018268 -0.2857634 0.0002724 0.0003690 -0.1662342 -0.2990083 -0.1602714 -0.0290936 0.0017302 0.0011309 0.6909653 -0.1635278 -0.0035999 -0.1613014 -0.0002605 0.0008832 0.0123336 -0.1655482 -0.0365377 0.0116000 0.0000486 -0.1602215 -0.1593940 0.0002210 0.0011976 0.0125708 -0.1629209 0.0120250 -0.1675079 0.0124199 0.1169539 0.0143866 -0.1653414 0.0135622 -0.0101051 0.0011726 -0.3039390 0.0122995 -0.0377941 0.0006878 0.0006260 -0.1680954 0.0011848 -0.1619129 0.6816000 0.0001371 -0.1667162 -0.0104026 0.0008214 0.0138022 -0.1600083 0.6824178 0.6784655 -0.1706405 0.0117648 -0.0192423 -0.1630853 -0.0006657 0.1456113 0.0134432 0.0008076 0.3184262 -0.1634394 0.0008943 0.0014968 0.0012353 -0.2913156 0.0118201 0.0003713 0.0122553 -0.1680094 -0.1652160 -0.1633071 0.0875522 0.0106412 -0.2916443 0.0119421 -0.2831854 -0.1675281 -0.1636788 -0.1599795 -0.1638390 -0.1598013
0.0154675 0.5096998 0.4977001 0.2598107 -0.2015867 -0.1010060 -0.2076832 0.0162504 1.2321242 -0.2060057 0.5038067 -0.2035228 0.5082060 -0.2092335 0.5183454 -0.0832117 0.5205188 0.5083261 -0.2199694 0.0147841 0.2623793 -0.2210803 -0.0692604 -0.2055830 -0.1113024 0.0155787 -0.2015507 0.0156125 0.5059664 -0.2026930 -0.0463637 -0.2202436 -0.2100429 -0.2081103 -0.2243129 -0.2189016 -0.2217657 0.2624857 -0.2214287 -0.2196229 -0.2094032 0.2679169 -0.2010757 -0.1140611 -0.2183850 -0.2186911 0.0149881 -0.2047812 -0.0966707 -0.2036824 -0.2189372 -0.2218206 0.5124692 -0.2071363 -0.1115736 0.5199353 -0.2208565 -0.2037532 -0.2018635 -0.2189707 -0.2180708 0.5077003 -0.2053054 0.5188367 -0.2105657 0.5157337 -0.1501159 0.5087911 -0.2071130 0.5053955 -0.1017988 -0.2187191 0.2697164 0.5211325 -0.1112759 -0.2193047 -0.2232833 -0.2107548 -0.2177331 -0.2042006 0.0145602 -0.2197486 -0.2088853 -0.1014534 -0.2249842 0.5000772 -0.2025237 0.0142041 0.0150343 -0.2126299 0.5107586 0.5030551 -0.2041458 -0.2214592 0.0105907 0.5075777 -0.2187077 -0.1139108 -0.2060347 -0.2192416 -0.2195726 -0.2233523 0.2615016 0.5174507 -0.2201432 0.0232251 -0.2088577 -0.2062991 -0.2058591 -0.1543630 0.5101376 0.2625766 0.5056826 0.2595564 -0.2110614 -0.2058254 -0.2026716 -0.2060150 -0.2027711
-0.1635796 -0.2072023 -0.2037301 -0.1706705 0.3529887 0.2305405 0.3624266 -0.1645941 -0.2060057 1.0794327 -0.2060166 0.3578072 -0.2062956 0.3687164 -0.2105668 -0.1551173 -0.2110567 -0.2065467 -0.2375925 -0.1658321 -0.1726692 -0.2390102 -0.0722987 0.3606167 0.2510199 -0.1637911 0.3574859 -0.1639372 -0.2069868 0.3547871 -0.1853605 -0.2378321 0.1037931 0.3621946 -0.2425056 -0.2371529 -0.2405874 -0.1715781 -0.2391014 -0.2377385 0.3688988 -0.1770402 0.3533029 0.2502467 -0.2365108 -0.2367370 -0.1662287 0.3625883 0.2049149 0.3595436 -0.2366759 -0.2407070 -0.2080543 0.3645900 0.2506356 -0.2110898 -0.2387452 0.3579716 0.3543310 -0.2372089 -0.2366010 -0.2069222 0.3613881 -0.2120648 0.3655309 -0.2106830 -0.1067424 -0.2063041 0.3673784 -0.2063496 0.2344498 -0.2376207 -0.1790804 -0.2110787 0.2510371 -0.2379363 -0.2409874 0.3701326 -0.2348137 0.3599124 -0.1634575 -0.2376226 0.3664791 0.2331490 -0.2424555 -0.2052817 0.3554007 -0.1658551 -0.1638203 0.3741479 -0.2084944 -0.2005392 0.3600287 -0.2401823 0.0030137 -0.2062116 -0.2374155 -0.1661623 0.3640148 -0.2370630 -0.2378779 -0.2421179 -0.1730034 -0.2108818 -0.2387170 0.1106770 0.3673989 0.3650572 0.3620351 -0.0945045 -0.2073984 -0.1727853 -0.2070062 -0.1697606 0.3684986 0.3628404 0.3558861 0.3639041 0.3559957
0.0131771 0.5083259 0.4959685 0.2609027 -0.2019658 -0.1012698 -0.2077264 0.0139091 0.5038067 -0.2060166 1.2339157 -0.2030183 0.5064645 -0.2093081 0.5177884 -0.0837151 0.5191056 0.5073855 -0.2191208 0.0125856 0.2637573 -0.2203630 -0.0704185 -0.2051950 -0.1113664 0.0134130 -0.2017950 0.0134837 0.5059000 -0.2024370 -0.0477159 -0.2193453 -0.2100112 -0.2079444 -0.2234329 -0.2178595 -0.2209455 0.2635885 -0.2207115 -0.2188455 -0.2092543 0.2691815 -0.2012256 -0.1140779 -0.2178966 -0.2180922 0.0125869 -0.2053339 -0.0971578 -0.2035709 -0.2180622 -0.2208485 0.5116518 -0.2068632 -0.1118225 0.5189537 -0.2201327 -0.2034373 -0.2016321 -0.2183329 -0.2170339 0.5076494 -0.2050555 0.5177359 -0.2104603 0.5145935 -0.1499922 0.5067847 -0.2072095 0.5049036 -0.1019156 -0.2182779 0.2709373 0.5195200 -0.1114312 -0.2184141 -0.2223579 -0.2105215 -0.2169821 -0.2040355 0.0124968 -0.2186925 -0.2083088 -0.1010429 -0.2241918 0.4999335 -0.2022808 0.0120952 0.0129660 -0.2120381 0.5101574 0.5027163 -0.2041578 -0.2206521 0.0101440 0.5072196 -0.2181245 -0.1142846 -0.2055145 -0.2182564 -0.2186936 -0.2225404 0.2631049 0.5165590 -0.2194559 0.0236374 -0.2087928 -0.2060190 -0.2053350 -0.1538980 0.5095157 0.2639104 0.5059778 0.2607309 -0.2109101 -0.2057427 -0.2025547 -0.2057613 -0.2028984
-0.1595258 -0.2048113 -0.2011664 -0.1693967 0.3476321 0.2273837 0.3552568 -0.1601956 -0.2035228 0.3578072 -0.2030183 1.0862768 -0.2039198 0.3604936 -0.2094061 -0.1514325 -0.2099203 -0.2042076 -0.2336129 -0.1626080 -0.1710925 -0.2351713 -0.0706360 0.3544869 0.2480220 -0.1599832 0.3519177 -0.1598035 -0.2046884 0.3504212 -0.1802574 -0.2334262 0.1030469 0.3546414 -0.2390792 -0.2334185 -0.2371473 -0.1691639 -0.2353101 -0.2333781 0.3603719 -0.1761859 0.3470336 0.2468053 -0.2318673 -0.2322639 -0.1630849 0.3566429 0.2033435 0.3545769 -0.2324799 -0.2367571 -0.2065773 0.3575209 0.2476286 -0.2099483 -0.2348241 0.3529821 0.3500435 -0.2328773 -0.2319815 -0.2048665 0.3550662 -0.2108155 0.3581271 -0.2090571 -0.1049709 -0.2042138 0.3583883 -0.2035249 0.2323947 -0.2335202 -0.1780766 -0.2099690 0.2479643 -0.2335640 -0.2371562 0.3625619 -0.2301606 0.3550835 -0.1598945 -0.2337876 0.3589460 0.2310238 -0.2390741 -0.2025824 0.3506649 -0.1622884 -0.1600378 0.3655802 -0.2063748 -0.1985320 0.3537842 -0.2363045 0.0045296 -0.2045580 -0.2327671 -0.1625414 0.3578384 -0.2329291 -0.2335751 -0.2382746 -0.1713721 -0.2094582 -0.2343577 0.1106388 0.3585613 0.3580224 0.3554120 -0.0920338 -0.2055763 -0.1714249 -0.2050820 -0.1677279 0.3604107 0.3556852 0.3508552 0.3572008 0.3507199
0.0125981 0.5123240 0.5005596 0.2619793 -0.2020803 -0.1021839 -0.2080618 0.0130871 0.5082060 -0.2062956 0.5064645 -0.2039198 1.2340633 -0.2096184 0.5208728 -0.0856185 0.5225540 0.5105532 -0.2208393 0.0116737 0.2647522 -0.2218606 -0.0715730 -0.2059281 -0.1116901 0.0125276 -0.2016474 0.0130485 0.5085393 -0.2029568 -0.0487509 -0.2210445 -0.2112554 -0.2082525 -0.2251636 -0.2193382 -0.2225262 0.2648235 -0.2224354 -0.2201989 -0.2100502 0.2698954 -0.2012620 -0.1149822 -0.2191124 -0.2194247 0.0115844 -0.2049931 -0.0976195 -0.2039851 -0.2196792 -0.2225586 0.5147803 -0.2073962 -0.1120830 0.5225738 -0.2214207 -0.2041336 -0.2023049 -0.2197314 -0.2186826 0.5107149 -0.2054318 0.5210192 -0.2103570 0.5175957 -0.1513242 0.5111027 -0.2074896 0.5079486 -0.1029581 -0.2194268 0.2719748 0.5242442 -0.1116432 -0.2200540 -0.2241288 -0.2112066 -0.2184527 -0.2046400 0.0113357 -0.2204026 -0.2090879 -0.1020966 -0.2255892 0.5031390 -0.2024403 0.0113541 0.0120955 -0.2124917 0.5139157 0.5060739 -0.2040381 -0.2221791 0.0099833 0.5095836 -0.2195282 -0.1161568 -0.2059744 -0.2198421 -0.2203331 -0.2241592 0.2643077 0.5196276 -0.2208192 0.0234053 -0.2091852 -0.2064553 -0.2061098 -0.1553904 0.5125221 0.2650197 0.5082378 0.2626265 -0.2111518 -0.2060195 -0.2027739 -0.2058936 -0.2030219
-0.1667762 -0.2103575 -0.2070523 -0.1722900 0.3562748 0.2354140 0.3719315 -0.1670356 -0.2092335 0.3687164 -0.2093081 0.3604936 -0.2096184 1.0814446 -0.2090501 -0.1558299 -0.2095063 -0.2096531 -0.2410176 -0.1654597 -0.1736405 -0.2421609 -0.0698893 0.3646077 0.2506158 -0.1673969 0.3590780 -0.1675774 -0.2102359 0.3569657 -0.1891197 -0.2414531 0.1043027 0.3724116 -0.2427846 -0.2377736 -0.2415150 -0.1741760 -0.2420161 -0.2414498 0.3779694 -0.1751620 0.3564028 0.2586878 -0.2401410 -0.2408429 -0.1657137 0.3646435 0.2040373 0.3616564 -0.2405382 -0.2417992 -0.2105796 0.3681809 0.2500045 -0.2102183 -0.2428728 0.3598423 0.3557974 -0.2412110 -0.2402972 -0.2103463 0.3644503 -0.2105623 0.3777039 -0.2099228 -0.1039333 -0.2093413 0.3719665 -0.2096373 0.2388901 -0.2415842 -0.1763225 -0.2093737 0.2524684 -0.2416195 -0.2414368 0.3818799 -0.2389799 0.3622150 -0.1661695 -0.2410485 0.3715499 0.2336895 -0.2427572 -0.2090572 0.3574156 -0.1659385 -0.1668846 0.3870462 -0.2116034 -0.2030327 0.3621016 -0.2411174 0.0040292 -0.2089451 -0.2413294 -0.1646958 0.3672075 -0.2408877 -0.2413389 -0.2422793 -0.1743103 -0.2092778 -0.2422159 0.1088374 0.3785005 0.3694300 0.3655582 -0.0959160 -0.2099050 -0.1750197 -0.2091970 -0.1729378 0.3805978 0.3656693 0.3580985 0.3669636 0.3575047
0.0083358 0.5226356 0.5096281 0.2689372 -0.2086786 -0.1010632 -0.2086485 0.0105130 0.5183454 -0.2105668 0.5177884 -0.2094061 0.5208728 -0.2090501 1.2225181 -0.0877913 0.5461805 0.5231742 -0.2280293 0.0134857 0.2728083 -0.2287152 -0.0707799 -0.2096821 -0.1156289 0.0082346 -0.2090992 0.0080839 0.5213031 -0.2092893 -0.0553230 -0.2290694 -0.2176307 -0.2084768 -0.2285403 -0.2238396 -0.2273036 0.2689337 -0.2294389 -0.2291596 -0.2091414 0.2840857 -0.2071264 -0.1114461 -0.2283886 -0.2287203 0.0133361 -0.2121369 -0.1018355 -0.2096756 -0.2279650 -0.2276472 0.5319701 -0.2107380 -0.1165168 0.5468742 -0.2301969 -0.2105765 -0.2087234 -0.2292146 -0.2270449 0.5226802 -0.2101296 0.5448893 -0.2111254 0.5418206 -0.1514244 0.5222273 -0.2100358 0.5194511 -0.1022770 -0.2281623 0.2869452 0.5496621 -0.1138931 -0.2286309 -0.2286200 -0.2106619 -0.2278846 -0.2106807 0.0096259 -0.2274712 -0.2107544 -0.1051179 -0.2295872 0.5131010 -0.2094592 0.0113365 0.0095000 -0.2104878 0.5271230 0.5192061 -0.2095337 -0.2275190 0.0103333 0.5254592 -0.2288001 -0.1168938 -0.2110289 -0.2283213 -0.2282550 -0.2280829 0.2723116 0.5447896 -0.2290703 0.0216387 -0.2081654 -0.2105464 -0.2100517 -0.1607533 0.5284113 0.2734211 0.5242246 0.2660540 -0.2104805 -0.2118459 -0.2095108 -0.2109690 -0.2097560
0.3617860 -0.0853475 -0.0819865 -0.1530634 -0.1489746 -0.0525249 -0.1533448 0.3620510 -0.0832117 -0.1551173 -0.0837151 -0.1514325 -0.0856185 -0.1558299 -0.0877913 1.1414642 -0.0874885 -0.0856388 0.1587300 0.3650276 -0.1539257 0.1583966 0.2338355 -0.1532886 -0.0737889 0.3621096 -0.1522179 0.3618323 -0.0837690 -0.1509544 0.3498059 0.1581263 0.0801333 -0.1531781 0.1626437 0.1655690 0.1617663 -0.1529279 0.1580656 0.1572902 -0.1549423 -0.1541101 -0.1498184 -0.0663804 0.1577118 0.1576984 0.3659825 -0.1549273 -0.0395525 -0.1525582 0.1572222 0.1612838 -0.0871001 -0.1554406 -0.0740892 -0.0871368 0.1578893 -0.1515879 -0.1508150 0.1571831 0.1580526 -0.0856078 -0.1542137 -0.0866762 -0.1548717 -0.0859063 0.2352462 -0.0851290 -0.1559038 -0.0846881 -0.0570014 0.1576231 -0.1560739 -0.0873743 -0.0743024 0.1576713 0.1613839 -0.1563369 0.1572950 -0.1532660 0.3616941 0.1579121 -0.1562556 -0.0580043 0.1624500 -0.0833350 -0.1515651 0.3653635 0.3613490 -0.1585464 -0.0863597 -0.1044967 -0.1538619 0.1598682 0.0775488 -0.0851286 0.1573453 0.3719819 -0.1546032 0.1581044 0.1586418 0.1614344 -0.1534092 -0.0868621 0.1580262 -0.0606600 -0.1546864 -0.1555297 -0.1538111 0.2067113 -0.0872653 -0.1536092 -0.0851890 -0.1512163 -0.1558277 -0.1541898 -0.1514382 -0.1552513 -0.1513914
0.0104812 0.5258062 0.5124453 0.2694908 -0.2086586 -0.1008978 -0.2090381 0.0113125 0.5205188 -0.2110567 0.5191056 -0.2099203 0.5225540 -0.2095063 0.5461805 -0.0874885 1.2275159 0.5250127 -0.2297561 0.0151767 0.2728637 -0.2302905 -0.0697300 -0.2108838 -0.1153305 0.0104314 -0.2094451 0.0100979 0.5237860 -0.2096855 -0.0540861 -0.2305784 -0.2178706 -0.2089302 -0.2305480 -0.2250800 -0.2285697 0.2687699 -0.2310006 -0.2308547 -0.2100216 0.2840606 -0.2078537 -0.1116973 -0.2299685 -0.2302419 0.0148180 -0.2127785 -0.1017543 -0.2104859 -0.2296519 -0.2290573 0.5342929 -0.2116551 -0.1162336 0.5487963 -0.2317524 -0.2110656 -0.2094178 -0.2305543 -0.2284723 0.5251840 -0.2108216 0.5476910 -0.2100478 0.5422441 -0.1525687 0.5233207 -0.2112833 0.5215063 -0.1028629 -0.2299733 0.2862262 0.5495790 -0.1140523 -0.2303031 -0.2303872 -0.2112361 -0.2294009 -0.2113261 0.0114245 -0.2292892 -0.2115923 -0.1050062 -0.2308769 0.5148749 -0.2098107 0.0131314 0.0113604 -0.2108572 0.5291930 0.5212734 -0.2099487 -0.2283097 0.0113192 0.5261759 -0.2304747 -0.1175309 -0.2117991 -0.2296874 -0.2298165 -0.2299843 0.2715653 0.5442914 -0.2306832 0.0223948 -0.2080587 -0.2110561 -0.2108408 -0.1614896 0.5304782 0.2731532 0.5255318 0.2662565 -0.2111059 -0.2117963 -0.2099249 -0.2115513 -0.2101452
0.0116335 0.5132245 0.5002268 0.2635399 -0.2031578 -0.1019141 -0.2080172 0.0122097 0.5083261 -0.2065467 0.5073855 -0.2042076 0.5105532 -0.2096531 0.5231742 -0.0856388 0.5250127 1.2272576 -0.2211045 0.0113881 0.2666805 -0.2223788 -0.0714895 -0.2060019 -0.1117546 0.0116281 -0.2034323 0.0114964 0.5105017 -0.2037314 -0.0499944 -0.2215182 -0.2119371 -0.2086677 -0.2252338 -0.2196167 -0.2228721 0.2657918 -0.2228578 -0.2212332 -0.2098928 0.2725857 -0.2022521 -0.1143487 -0.2203062 -0.2206703 0.0118129 -0.2063200 -0.0976400 -0.2044851 -0.2203728 -0.2231581 0.5169562 -0.2075913 -0.1125174 0.5242556 -0.2222600 -0.2047443 -0.2031169 -0.2207734 -0.2195448 0.5115309 -0.2061341 0.5233603 -0.2111499 0.5200570 -0.1513254 0.5106103 -0.2076577 0.5091608 -0.1025797 -0.2203854 0.2745332 0.5253150 -0.1115720 -0.2208228 -0.2245455 -0.2112079 -0.2195416 -0.2053922 0.0109711 -0.2208720 -0.2087473 -0.1020340 -0.2264952 0.5033839 -0.2038187 0.0104021 0.0115732 -0.2128632 0.5147888 0.5075722 -0.2051971 -0.2228549 0.0098619 0.5115657 -0.2207582 -0.1159688 -0.2061683 -0.2204585 -0.2209471 -0.2244884 0.2660953 0.5219458 -0.2217214 0.0230988 -0.2090681 -0.2065784 -0.2060346 -0.1556692 0.5152009 0.2669595 0.5100804 0.2626902 -0.2117482 -0.2066256 -0.2040083 -0.2065974 -0.2044483
0.0017420 -0.2221051 -0.2171542 0.0537028 -0.2311936 -0.2444306 -0.2378484 0.0016154 -0.2199694 -0.2375925 -0.2191208 -0.2336129 -0.2208393 -0.2410176 -0.2280293 0.1587300 -0.2297561 -0.2211045 1.1856378 0.0015226 0.0540343 0.5659546 0.0368194 -0.2347454 -0.2472490 0.0016508 -0.2346584 0.0013451 -0.2205612 -0.2321174 0.1468926 0.5622531 0.0278046 -0.2375016 0.5739786 0.5529443 0.5663340 0.0527792 0.5677003 0.5625772 -0.2410796 0.0537750 -0.2308002 -0.2528888 0.5579436 0.5595564 0.0019420 -0.2362884 -0.2116997 -0.2351492 0.5606848 0.5664692 -0.2242394 -0.2370296 -0.2452104 -0.2295591 0.5658740 -0.2333041 -0.2320142 0.5601531 0.5566649 -0.2217549 -0.2374890 -0.2293186 -0.2394276 -0.2274635 0.2408063 -0.2213172 -0.2384086 -0.2197416 -0.2442625 0.5616813 0.0551137 -0.2301674 -0.2468606 0.5626150 0.5699386 -0.2417397 0.5545363 -0.2355300 0.0018003 0.5636350 -0.2383923 -0.2415556 0.5729404 -0.2168456 -0.2333677 0.0022668 0.0014760 -0.2457844 -0.2225192 -0.2163077 -0.2368933 0.5647439 -0.0859535 -0.2217187 0.5604560 0.2191702 -0.2371705 0.5605506 0.5623697 0.5713136 0.0557299 -0.2275913 0.5649912 -0.1962620 -0.2402684 -0.2376985 -0.2359662 0.2422978 -0.2226232 0.0539207 -0.2202779 0.0523820 -0.2411913 -0.2363615 -0.2339190 -0.2383185 -0.2337733
0.6833915 0.0126052 0.0135730 -0.2925750 -0.1603621 -0.0063808 -0.1637846 0.6895263 0.0147841 -0.1658321 0.0125856 -0.1626080 0.0116737 -0.1654597 0.0134857 0.3650276 0.0151767 0.0113881 0.0015226 1.2877991 -0.2934436 0.0004525 0.3770311 -0.1646328 -0.0381055 0.6855927 -0.1632340 0.6840865 0.0142761 -0.1620042 0.4574904 -0.0001226 0.0901391 -0.1629205 0.0033217 0.0121326 0.0039699 -0.2888588 -0.0003689 -0.0013921 -0.1642974 -0.2983872 -0.1623508 -0.0285120 0.0000358 -0.0006104 0.7034470 -0.1662593 -0.0063980 -0.1635726 -0.0012438 0.0034319 0.0127793 -0.1664769 -0.0386934 0.0152815 -0.0006741 -0.1627619 -0.1618925 -0.0010077 0.0007464 0.0120670 -0.1640234 0.0153726 -0.1655273 0.0152463 0.1182650 0.0128898 -0.1665540 0.0124450 -0.0100148 -0.0005071 -0.3025511 0.0154933 -0.0396983 -0.0007747 0.0028866 -0.1662175 -0.0003528 -0.1642645 0.6900262 -0.0000252 -0.1666038 -0.0119718 0.0046077 0.0127065 -0.1623079 0.6942391 0.6862165 -0.1676615 0.0113280 -0.0197808 -0.1642082 0.0016693 0.1459400 0.0135826 -0.0015146 0.3217736 -0.1652895 -0.0001517 0.0006690 0.0040112 -0.2931284 0.0149596 -0.0007425 0.0106090 -0.1656547 -0.1663586 -0.1643706 0.0869337 0.0110872 -0.2928959 0.0123368 -0.2855237 -0.1652394 -0.1652449 -0.1620490 -0.1653998 -0.1617981
-0.2919832 0.2651467 0.2595963 0.4027447 -0.1711380 -0.1715536 -0.1728673 -0.2920827 0.2623793 -0.1726692 0.2637573 -0.1710925 0.2647522 -0.1736405 0.2728083 -0.1539257 0.2728637 0.2666805 0.0540343 -0.2934436 1.1577744 0.0549609 -0.2083178 -0.1710398 -0.1679026 -0.2926776 -0.1716738 -0.2925833 0.2648795 -0.1710106 -0.1939820 0.0538055 -0.1993238 -0.1732297 0.0548795 0.0484153 0.0536644 0.3954784 0.0553831 0.0542900 -0.1747914 0.4179501 -0.1688771 -0.1722648 0.0531408 0.0532782 -0.2934831 -0.1731921 -0.1571856 -0.1720978 0.0542898 0.0540826 0.2690130 -0.1722790 -0.1674778 0.2719572 0.0541485 -0.1718829 -0.1707783 0.0533801 0.0537126 0.2659638 -0.1734095 0.2715919 -0.1738575 0.2703073 -0.0524495 0.2646119 -0.1729092 0.2648717 -0.1702803 0.0543459 0.4246700 0.2726938 -0.1656069 0.0547723 0.0547564 -0.1747215 0.0528976 -0.1726624 -0.2918301 0.0549738 -0.1725075 -0.1691525 0.0539139 0.2622369 -0.1714057 -0.2927718 -0.2914670 -0.1760558 0.2684527 0.2817032 -0.1726174 0.0551228 -0.0954475 0.2655402 0.0538437 -0.1288830 -0.1732507 0.0542553 0.0543567 0.0549725 0.4060239 0.2719687 0.0546041 -0.0719460 -0.1725886 -0.1718529 -0.1717531 -0.0441715 0.2692276 0.4056957 0.2674597 0.3882856 -0.1751861 -0.1731714 -0.1721692 -0.1737214 -0.1726645
0.0004042 -0.2228509 -0.2180106 0.0548453 -0.2322830 -0.2453771 -0.2388457 0.0002094 -0.2210803 -0.2390102 -0.2203630 -0.2351713 -0.2218606 -0.2421609 -0.2287152 0.1583966 -0.2302905 -0.2223788 0.5659546 0.0004525 0.0549609 1.1854262 0.0367351 -0.2361444 -0.2485102 0.0005760 -0.2359272 0.0003671 -0.2215828 -0.2332744 0.1469034 0.5668586 0.0276978 -0.2381532 0.5775117 0.5578800 0.5709543 0.0534118 0.5710890 0.5657861 -0.2423171 0.0548174 -0.2323735 -0.2538160 0.5613596 0.5628096 0.0008971 -0.2378585 -0.2130952 -0.2368829 0.5637927 0.5716767 -0.2251341 -0.2383238 -0.2467785 -0.2295528 0.5695270 -0.2347473 -0.2333982 0.5644438 0.5608996 -0.2225213 -0.2389318 -0.2294375 -0.2397796 -0.2279108 0.2412568 -0.2223184 -0.2396848 -0.2208933 -0.2457886 0.5647619 0.0564266 -0.2308902 -0.2482084 0.5655841 0.5733257 -0.2431039 0.5579660 -0.2370594 0.0005318 0.5669836 -0.2396937 -0.2430986 0.5783969 -0.2180474 -0.2346342 0.0014656 0.0006808 -0.2462468 -0.2234500 -0.2169105 -0.2381005 0.5693260 -0.0864367 -0.2226860 0.5634159 0.2191756 -0.2387972 0.5641910 0.5657014 0.5749227 0.0567599 -0.2284163 0.5686378 -0.1973941 -0.2415771 -0.2389784 -0.2373380 0.2426500 -0.2235186 0.0546659 -0.2212937 0.0534605 -0.2419550 -0.2378047 -0.2353836 -0.2398639 -0.2350372
0.3700102 -0.0711925 -0.0688406 -0.2073728 -0.0687311 0.0329426 -0.0688256 0.3711914 -0.0692604 -0.0722987 -0.0704185 -0.0706360 -0.0715730 -0.0698893 -0.0707799 0.2338355 -0.0697300 -0.0714895 0.0368194 0.3770311 -0.2083178 0.0367351 1.0870779 -0.0717569 0.0113532 0.3706863 -0.0714093 0.3705246 -0.0699498 -0.0704867 0.2797766 0.0363195 0.0947797 -0.0676695 0.0407779 0.0453995 0.0405236 -0.2059150 0.0356652 0.0350891 -0.0690892 -0.2096748 -0.0703685 0.0230496 0.0359823 0.0358548 0.3774947 -0.0728989 0.0294091 -0.0709724 0.0352062 0.0398178 -0.0710978 -0.0727127 0.0095445 -0.0687378 0.0356110 -0.0707411 -0.0706939 0.0353543 0.0363766 -0.0711262 -0.0709970 -0.0689590 -0.0690958 -0.0691719 0.1073884 -0.0707920 -0.0722667 -0.0709086 0.0272473 0.0355898 -0.2125853 -0.0695364 0.0106481 0.0354862 0.0390143 -0.0708653 0.0353529 -0.0718618 0.3712877 0.0357888 -0.0720034 0.0253087 0.0420654 -0.0698014 -0.0700319 0.3756316 0.3710862 -0.0700509 -0.0714527 -0.0907260 -0.0712437 0.0387060 0.0578022 -0.0702109 0.0344894 0.2438266 -0.0719862 0.0358542 0.0363744 0.0394090 -0.2082431 -0.0702266 0.0355282 -0.0244615 -0.0695230 -0.0726126 -0.0714147 0.0858572 -0.0722406 -0.2077253 -0.0705884 -0.2034169 -0.0692329 -0.0714277 -0.0698311 -0.0720983 -0.0698492
-0.1628695 -0.2068906 -0.2031036 -0.1693291 0.3499241 0.2289543 0.3600191 -0.1635486 -0.2055830 0.3606167 -0.2051950 0.3544869 -0.2059281 0.3646077 -0.2096821 -0.1532886 -0.2108838 -0.2060019 -0.2347454 -0.1646328 -0.1710398 -0.2361444 -0.0717569 1.0808214 0.2487265 -0.1630169 0.3528236 -0.1629667 -0.2060788 0.3521599 -0.1835017 -0.2349768 0.1034514 0.3598247 -0.2398330 -0.2345073 -0.2380038 -0.1704008 -0.2362950 -0.2350986 0.3647819 -0.1760378 0.3495726 0.2487622 -0.2336169 -0.2340848 -0.1650540 0.3586302 0.2032726 0.3564368 -0.2341183 -0.2378628 -0.2072109 0.3623594 0.2488086 -0.2105496 -0.2362964 0.3543653 0.3517238 -0.2346291 -0.2337779 -0.2065451 0.3583217 -0.2110714 0.3623831 -0.2091906 -0.1055578 -0.2062519 0.3628850 -0.2056340 0.2338471 -0.2354308 -0.1778731 -0.2105437 0.2491987 -0.2352529 -0.2381413 0.3667730 -0.2322076 0.3571996 -0.1623311 -0.2347570 0.3649756 0.2326651 -0.2397788 -0.2045592 0.3527339 -0.1641568 -0.1627247 0.3701311 -0.2079360 -0.2000652 0.3567178 -0.2372408 0.0034784 -0.2056657 -0.2346684 -0.1642667 0.3601439 -0.2346047 -0.2354747 -0.2393465 -0.1715000 -0.2098031 -0.2362587 0.1104791 0.3623494 0.3615512 0.3594373 -0.0933432 -0.2066689 -0.1712492 -0.2058385 -0.1685799 0.3650284 0.3587907 0.3529749 0.3601533 0.3528738
-0.0339795 -0.1116084 -0.1086070 -0.1663187 0.2469717 0.2615186 0.2500750 -0.0358106 -0.1113024 0.2510199 -0.1113664 0.2480220 -0.1116901 0.2506158 -0.1156289 -0.0737889 -0.1153305 -0.1117546 -0.2472490 -0.0381055 -0.1679026 -0.2485102 0.0113532 0.2487265 1.0651441 -0.0344736 0.2493075 -0.0341389 -0.1115413 0.2476297 -0.0796098 -0.2470060 0.1060045 0.2486797 -0.2528332 -0.2440608 -0.2499525 -0.1654655 -0.2494677 -0.2471976 0.2513413 -0.1720746 0.2453439 0.2792254 -0.2456059 -0.2461062 -0.0384752 0.2505656 0.2330462 0.2490110 -0.2462631 -0.2498277 -0.1132172 0.2506466 0.2699198 -0.1147309 -0.2483579 0.2487033 0.2467913 -0.2461841 -0.2449253 -0.1115272 0.2514654 -0.1154580 0.2508983 -0.1146483 -0.1096465 -0.1114149 0.2509037 -0.1113618 0.2563620 -0.2472056 -0.1748544 -0.1153985 0.2707885 -0.2474376 -0.2515083 0.2517191 -0.2439250 0.2494827 -0.0353907 -0.2475756 0.2508573 0.2565915 -0.2524057 -0.1106810 0.2476377 -0.0366439 -0.0347664 0.2536812 -0.1127796 -0.1141050 0.2505296 -0.2495378 0.0645017 -0.1118681 -0.2466655 -0.0976113 0.2510932 -0.2463892 -0.2472958 -0.2524358 -0.1686461 -0.1157241 -0.2482758 0.1436237 0.2500056 0.2503040 0.2498011 -0.1053254 -0.1127997 -0.1678082 -0.1127222 -0.1634163 0.2518502 0.2508997 0.2479839 0.2512437 0.2487407
0.6762228 0.0140306 0.0150686 -0.2912011 -0.1567954 -0.0059847 -0.1644574 0.6796142 0.0155787 -0.1637911 0.0134130 -0.1599832 0.0125276 -0.1673969 0.0082346 0.3621096 0.0104314 0.0116281 0.0016508 0.6855927 -0.2926776 0.0005760 0.3706863 -0.1630169 -0.0344736 1.3014507 -0.1591240 0.6778729 0.0143731 -0.1586862 0.4566811 0.0015225 0.0922109 -0.1641923 -0.0000834 0.0096589 0.0020718 -0.2858542 -0.0004401 0.0005604 -0.1668076 -0.2998154 -0.1595267 -0.0289888 0.0021869 0.0016907 0.6866089 -0.1627568 -0.0022682 -0.1608080 0.0002609 0.0011442 0.0116421 -0.1652805 -0.0350822 0.0110185 0.0008662 -0.1593676 -0.1585589 0.0013214 0.0017184 0.0127791 -0.1621417 0.0114288 -0.1670985 0.0108786 0.1165632 0.0136446 -0.1657692 0.0130105 -0.0099682 0.0012912 -0.3053284 0.0102575 -0.0373541 0.0005752 -0.0001981 -0.1685981 0.0017639 -0.1614483 0.6783863 -0.0000303 -0.1666985 -0.0097838 0.0010841 0.0140293 -0.1588843 0.6793588 0.6771376 -0.1708558 0.0113881 -0.0193924 -0.1621374 -0.0004705 0.1455712 0.0123728 0.0011316 0.3178650 -0.1631584 0.0011867 0.0017475 0.0004152 -0.2921812 0.0099314 0.0006071 0.0128314 -0.1685024 -0.1651683 -0.1630029 0.0879547 0.0098746 -0.2916446 0.0112199 -0.2821701 -0.1679717 -0.1626149 -0.1586662 -0.1632257 -0.1583417
-0.1591613 -0.2025150 -0.1984920 -0.1696108 0.3493385 0.2269605 0.3542295 -0.1609083 -0.2015507 0.3574859 -0.2017950 0.3519177 -0.2016474 0.3590780 -0.2090992 -0.1522179 -0.2094451 -0.2034323 -0.2346584 -0.1632340 -0.1716738 -0.2359272 -0.0714093 0.3528236 0.2493075 -0.1591240 1.0997305 -0.1589075 -0.2032784 0.3512933 -0.1797180 -0.2339496 0.1027365 0.3523080 -0.2404724 -0.2342273 -0.2378729 -0.1682835 -0.2364639 -0.2334894 0.3577242 -0.1761478 0.3475996 0.2449519 -0.2321561 -0.2322664 -0.1639532 0.3585223 0.2043888 0.3539253 -0.2331407 -0.2378045 -0.2060826 0.3561993 0.2492092 -0.2090636 -0.2348351 0.3539208 0.3513165 -0.2322284 -0.2328830 -0.2028325 0.3556291 -0.2097840 0.3575479 -0.2085086 -0.1058495 -0.2022890 0.3562783 -0.2020682 0.2310914 -0.2337329 -0.1783078 -0.2094593 0.2469499 -0.2341680 -0.2383271 0.3605787 -0.2302406 0.3550360 -0.1605792 -0.2350151 0.3565952 0.2301139 -0.2398757 -0.2003344 0.3514915 -0.1628399 -0.1603308 0.3642611 -0.2050203 -0.1967743 0.3548709 -0.2373470 0.0037614 -0.2039015 -0.2325853 -0.1638931 0.3570274 -0.2337009 -0.2345904 -0.2397443 -0.1719007 -0.2091196 -0.2350082 0.1103456 0.3573121 0.3566234 0.3536131 -0.0923876 -0.2049395 -0.1718493 -0.2046364 -0.1659255 0.3591283 0.3571378 0.3532016 0.3578520 0.3523749
0.6756438 0.0139531 0.0153408 -0.2907192 -0.1561243 -0.0058822 -0.1643318 0.6783825 0.0156125 -0.1639372 0.0134837 -0.1598035 0.0130485 -0.1675774 0.0080839 0.3618323 0.0100979 0.0114964 0.0013451 0.6840865 -0.2925833 0.0003671 0.3705246 -0.1629667 -0.0341389 0.6778729 -0.1589075 1.3027322 0.0143586 -0.1582982 0.4568623 0.0012081 0.0925753 -0.1636280 -0.0005099 0.0095621 0.0018506 -0.2853516 -0.0007649 0.0007351 -0.1668220 -0.3000194 -0.1594988 -0.0289005 0.0021596 0.0016714 0.6853688 -0.1626293 -0.0020522 -0.1606830 0.0001225 0.0013542 0.0113353 -0.1653431 -0.0349044 0.0109625 0.0007649 -0.1591125 -0.1581222 0.0017768 0.0017037 0.0125098 -0.1617700 0.0114737 -0.1664730 0.0108630 0.1169081 0.0133459 -0.1660414 0.0126471 -0.0100000 0.0012964 -0.3050865 0.0096263 -0.0374210 0.0004229 -0.0006697 -0.1688015 0.0019073 -0.1611868 0.6772562 -0.0001816 -0.1666183 -0.0095501 0.0013020 0.0141755 -0.1579795 0.6787102 0.6762739 -0.1708272 0.0115082 -0.0196145 -0.1612161 -0.0000598 0.1454971 0.0121463 0.0008702 0.3178988 -0.1629955 0.0011197 0.0011902 0.0000003 -0.2920806 0.0096401 0.0004763 0.0126163 -0.1686195 -0.1650908 -0.1629392 0.0883795 0.0099545 -0.2914904 0.0111886 -0.2812871 -0.1675787 -0.1622095 -0.1578296 -0.1627965 -0.1576484
0.0142679 0.5119636 0.4989640 0.2613482 -0.2033722 -0.1012021 -0.2082074 0.0143197 0.5059664 -0.2069868 0.5059000 -0.2046884 0.5085393 -0.2102359 0.5213031 -0.0837690 0.5237860 0.5105017 -0.2205612 0.0142761 0.2648795 -0.2215828 -0.0699498 -0.2060788 -0.1115413 0.0143731 -0.2032784 0.0143586 1.2308404 -0.2037843 -0.0483352 -0.2208894 -0.2112094 -0.2087186 -0.2249443 -0.2190227 -0.2222525 0.2633852 -0.2224092 -0.2209297 -0.2100778 0.2704080 -0.2031555 -0.1141960 -0.2199701 -0.2201210 0.0140841 -0.2070268 -0.0976874 -0.2050392 -0.2198125 -0.2225298 0.5163585 -0.2077949 -0.1121947 0.5238397 -0.2216716 -0.2049424 -0.2033606 -0.2202242 -0.2185578 0.5111842 -0.2058873 0.5232025 -0.2107244 0.5190015 -0.1509182 0.5089361 -0.2082953 0.5075094 -0.1022484 -0.2203027 0.2721131 0.5235944 -0.1119573 -0.2204252 -0.2238936 -0.2114694 -0.2190072 -0.2057575 0.0138268 -0.2201909 -0.2087507 -0.1016735 -0.2252910 0.5027811 -0.2038360 0.0133978 0.0145362 -0.2126251 0.5138543 0.5066777 -0.2050736 -0.2220394 0.0104504 0.5102372 -0.2204807 -0.1145294 -0.2069167 -0.2199752 -0.2204938 -0.2238662 0.2639120 0.5201082 -0.2211058 0.0235708 -0.2096792 -0.2072316 -0.2061806 -0.1549644 0.5138572 0.2655626 0.5099176 0.2613866 -0.2113708 -0.2067158 -0.2039628 -0.2067357 -0.2043155
-0.1584562 -0.2035593 -0.1998614 -0.1688242 0.3469036 0.2262025 0.3533182 -0.1597865 -0.2026930 0.3547871 -0.2024370 0.3504212 -0.2029568 0.3569657 -0.2092893 -0.1509544 -0.2096855 -0.2037314 -0.2321174 -0.1620042 -0.1710106 -0.2332744 -0.0704867 0.3521599 0.2476297 -0.1586862 0.3512933 -0.1582982 -0.2037843 1.0902989 -0.1788970 -0.2315243 0.1024968 0.3530748 -0.2376377 -0.2317384 -0.2351427 -0.1682952 -0.2336836 -0.2313270 0.3566504 -0.1759596 0.3462263 0.2444940 -0.2296958 -0.2302295 -0.1625527 0.3561661 0.2027746 0.3519774 -0.2307024 -0.2351024 -0.2060856 0.3553027 0.2471773 -0.2095702 -0.2325002 0.3512325 0.3498087 -0.2303609 -0.2303156 -0.2040983 0.3539626 -0.2099896 0.3560696 -0.2084264 -0.1049592 -0.2033604 0.3553799 -0.2031029 0.2301441 -0.2314292 -0.1781187 -0.2099957 0.2458607 -0.2317788 -0.2357525 0.3589067 -0.2280315 0.3531630 -0.1594388 -0.2320852 0.3566962 0.2300247 -0.2375159 -0.2014640 0.3492844 -0.1615888 -0.1592931 0.3620685 -0.2054555 -0.1976455 0.3527401 -0.2345725 0.0045048 -0.2041469 -0.2306170 -0.1625129 0.3554598 -0.2312263 -0.2322610 -0.2367787 -0.1714428 -0.2090894 -0.2326872 0.1103128 0.3550873 0.3544454 0.3527928 -0.0915115 -0.2051763 -0.1711946 -0.2046076 -0.1663395 0.3582138 0.3540881 0.3499206 0.3557401 0.3501393
0.4559492 -0.0482778 -0.0450828 -0.1921949 -0.1763112 -0.0574556 -0.1854922 0.4562970 -0.0463637 -0.1853605 -0.0477159 -0.1802574 -0.0487509 -0.1891197 -0.0553230 0.3498059 -0.0540861 -0.0499944 0.1468926 0.4574904 -0.1939820 0.1469034 0.2797766 -0.1835017 -0.0796098 0.4566811 -0.1797180 0.4568623 -0.0483352 -0.1788970 1.1859660 0.1474244 0.1152984 -0.1850232 0.1476272 0.1525971 0.1483232 -0.1884970 0.1468323 0.1472444 -0.1885511 -0.1997390 -0.1782311 -0.0758151 0.1477646 0.1473600 0.4583952 -0.1832934 -0.0408374 -0.1811221 0.1461366 0.1476770 -0.0514812 -0.1859656 -0.0794860 -0.0538917 0.1479351 -0.1796975 -0.1786430 0.1476900 0.1471150 -0.0495367 -0.1833628 -0.0528695 -0.1875253 -0.0526021 0.1964627 -0.0485061 -0.1871108 -0.0485221 -0.0623043 0.1472254 -0.2029848 -0.0545672 -0.0814706 0.1471510 0.1470901 -0.1902369 0.1466870 -0.1817412 0.4549555 0.1459535 -0.1878756 -0.0609689 0.1482066 -0.0471625 -0.1786757 0.4571894 0.4548643 -0.1935814 -0.0501708 -0.0725057 -0.1824559 0.1469712 0.0810632 -0.0498191 0.1474298 0.3069023 -0.1840563 0.1469827 0.1471879 0.1473859 -0.1930987 -0.0539618 0.1471843 -0.0371109 -0.1886812 -0.1859911 -0.1839436 0.1730126 -0.0520561 -0.1933988 -0.0505572 -0.1859199 -0.1893068 -0.1835146 -0.1789006 -0.1844499 -0.1788960
