1.0370476 0.0356766 0.0055728 0.0698330 0.1176022 0.0602721 -0.0574521 0.0171032 -0.0498253 -0.0207782 0.1168753 -0.0572104 -0.0450679 -0.0548978 -0.0515049 -0.0131728 -0.0539121 -0.0570247 0.0313287 -0.0328758 0.0047196 0.1200861 0.0006614 -0.0581179 0.0722074 -0.0302192 0.0238475 -0.0261800 0.0497099 0.0734951 -0.0560473 -0.0048644 0.0773559 -0.0515676 0.0269791 -0.0297042 -0.0361922 -0.0231732 -0.0544924 -0.0059014 0.0362605 0.0776974 -0.0177704 -0.0341438 -0.0415326 0.0597017 0.0697619 0.0538470 0.1116813 -0.0030926 -0.0517133 0.1136017 -0.0332768 -0.0330753 -0.0576320 -0.0488174 0.0093993 0.0186576 0.0102268 0.0120412 0.1200913 0.1203792 -0.0156583 0.1239861 0.0372127 -0.0173470 -0.0257376 0.1183067 0.0335713 -0.0193054 -0.0404185 -0.0593962 -0.0337406 0.0515282 0.0404326 -0.0271163 0.0161992 -0.0384458 -0.0364770 0.0717293 -0.0390573 -0.0546834 -0.0527241 -0.0573335 -0.0508360 -0.0419170 -0.0203735 0.1191858 -0.0246988 0.0780794 0.0101355 -0.0396806 0.1136200 0.0222494 0.0635273 -0.0509607 0.0275345 -0.0140326 0.0335167 0.0013592 -0.0566287 0.1118600 -0.0408995 -0.0424939 -0.0529112 -0.0458365 0.0300152 0.0113852 -0.0553302 -0.0503010 -0.0496986 -0.0129009 0.0955873 0.0022105 -0.0569380 -0.0546277 0.1174850 0.0228435 -0.0491420 -0.0414710 0.0177047 0.0259016 -0.0396919 -0.0006779 0.0170882 -0.0487903 -0.0414020 0.1206525 0.0766494 -0.0227939 0.1177858 -0.0419375
0.0356766 1.0436181 0.0064426 0.0696810 0.1202613 0.0626307 -0.0639647 0.0164492 -0.0503251 -0.0216923 0.1163396 -0.0612079 -0.0447256 -0.0567570 -0.0528894 -0.0153049 -0.0536672 -0.0591046 0.0322471 -0.0331154 0.0040366 0.1228141 0.0018945 -0.0621040 0.0768725 -0.0332373 0.0229172 -0.0265725 0.0526598 0.0554526 -0.0585735 -0.0052549 0.0827825 -0.0500310 0.0288671 -0.0289417 -0.0374665 -0.0232643 -0.0545909 -0.0072938 0.0366475 0.0797862 -0.0194114 -0.0339580 -0.0477732 0.0635489 0.0714810 0.0554009 0.1136845 -0.0021163 -0.0520781 0.1177929 -0.0333981 -0.0357470 -0.0575109 -0.0526700 0.0123416 0.0171329 0.0109560 0.0138903 0.1221611 0.1238172 -0.0200267 0.1284290 0.0359874 -0.0190416 -0.0260770 0.1218027 0.0356399 -0.0196468 -0.0417691 -0.0657401 -0.0342210 0.0557626 0.0407097 -0.0300713 0.0163653 -0.0402886 -0.0401328 0.0730058 -0.0431639 -0.0583972 -0.0540889 -0.0601405 -0.0519638 -0.0462532 -0.0215448 0.1243450 -0.0274923 0.0818352 0.0098194 -0.0415712 0.1183574 0.0222017 0.0651516 -0.0519278 0.0291595 -0.0143523 0.0340989 0.0011411 -0.0592151 0.1162091 -0.0418429 -0.0417627 -0.0568004 -0.0470985 0.0305513 0.0134611 -0.0570088 -0.0515515 -0.0500051 -0.0135351 0.0992997 0.0029422 -0.0582682 -0.0544443 0.1215774 0.0235647 -0.0490559 -0.0433434 0.0163761 0.0300438 -0.0385052 -0.0024769 0.0186063 -0.0473679 -0.0443272 0.1248890 0.0789305 -0.0228980 0.1215843 -0.0448231
0.0055728 0.0064426 1.0088780 0.0093641 0.0163186 0.0117338 -0.0126733 0.0032061 -0.0111789 -0.0025953 0.0191386 -0.0116059 -0.0104422 -0.0103798 -0.0092380 -0.0051563 -0.0099758 -0.0117852 0.0062150 -0.0078393 -0.0000084 0.0193997 -0.0011131 -0.0119570 0.0110968 -0.0071825 0.0056111 -0.0079365 0.0080351 0.0094278 -0.0121053 0.0011559 0.0126319 -0.0097067 0.0051386 -0.0075522 -0.0060057 -0.0047614 -0.0120507 -0.0029541 0.0049554 0.0117557 -0.0037746 -0.0070262 -0.0099578 0.0091374 0.0097086 0.0087851 0.0171846 -0.0010236 -0.0109995 0.0187274 -0.0060768 -0.0060423 -0.0095793 -0.0082254 -0.0002059 0.0022743 0.0028353 0.0009117 0.0187274 0.0180059 -0.0021571 0.0194172 0.0071125 -0.0025614 -0.0067162 0.0212772 0.0055104 -0.0024662 -0.0075359 -0.0133653 -0.0071555 0.0084045 0.0063053 -0.0071632 0.0033038 -0.0078257 -0.0080390 0.0122164 -0.0074228 -0.0117431 -0.0102485 -0.0117185 -0.0100620 -0.0086785 -0.0047976 0.0190947 -0.0053079 0.0145976 0.0029573 -0.0092399 0.0176894 0.0043467 0.0115218 -0.0100334 0.0043885 -0.0040650 0.0049104 0.0009696 -0.0112314 0.0167728 -0.0071281 -0.0104440 -0.0108427 -0.0081082 0.0048619 0.0018260 -0.0103875 -0.0109313 -0.0118827 -0.0030846 0.0138485 -0.0004363 -0.0111290 -0.0104807 0.0206705 0.0045792 -0.0120894 -0.0085986 0.0016904 0.0047015 -0.0072322 -0.0011190 0.0032704 -0.0097653 -0.0090002 0.0188503 0.0109654 -0.0065124 0.0186835 -0.0066197
0.0698330 0.0696810 0.0093641 1.1160408 0.2485147 0.1205638 -0.1218147 0.0315068 -0.0998439 -0.0436622 0.2504882 -0.1190358 -0.0880641 -0.1106955 -0.1049584 -0.0228491 -0.1069167 -0.1117457 0.0619954 -0.0654557 0.0068059 0.2488434 0.0074927 -0.1195790 0.1523328 -0.0613397 0.0486463 -0.0506786 0.0973607 0.1112313 -0.1094893 -0.0122505 0.1609675 -0.1020946 0.0503659 -0.0621556 -0.0699138 -0.0465053 -0.1045123 -0.0131121 0.0699259 0.1569886 -0.0349998 -0.0683566 -0.0830947 0.1262373 0.1463476 0.1076753 0.2340721 -0.0120969 -0.0983853 0.2407967 -0.0669489 -0.0640029 -0.1165247 -0.1007957 0.0215254 0.0348108 0.0216083 0.0260903 0.2446261 0.2571818 -0.0292460 0.2581234 0.0718604 -0.0394606 -0.0523476 0.2445275 0.0673540 -0.0385297 -0.0810458 -0.1242066 -0.0647900 0.1145547 0.0881338 -0.0517783 0.0339589 -0.0822110 -0.0780308 0.1456074 -0.0831006 -0.1099999 -0.1060130 -0.1165379 -0.1045098 -0.0874514 -0.0434647 0.2476647 -0.0472559 0.1629251 0.0182310 -0.0794178 0.2371932 0.0434489 0.1276728 -0.1042265 0.0553514 -0.0243700 0.0665220 0.0004969 -0.1133026 0.2353743 -0.0779471 -0.0826380 -0.1065635 -0.0955128 0.0611477 0.0190718 -0.1129276 -0.1040320 -0.1015414 -0.0279150 0.1991312 -0.0031660 -0.1125392 -0.1085965 0.2494843 0.0413400 -0.0981744 -0.0834458 0.0310010 0.0572347 -0.0787241 -0.0054771 0.0362363 -0.0976568 -0.0881795 0.2533014 0.1622354 -0.0461221 0.2427867 -0.0875436
0.1176022 0.1202613 0.0163186 0.2485147 1.2914428 0.2074629 -0.2048598 0.0546401 -0.1705247 -0.0711480 0.4208980 -0.1963922 -0.1489224 -0.1855989 -0.1776023 -0.0414433 -0.1798251 -0.1971310 0.1044043 -0.1113055 0.0133821 0.4332333 0.0087203 -0.1993471 0.2624521 -0.1054281 0.0825738 -0.0870449 0.1697203 0.1904985 -0.1890698 -0.0225291 0.2773183 -0.1743470 0.0844449 -0.1033204 -0.1222809 -0.0805279 -0.1777090 -0.0181916 0.1219206 0.2711964 -0.0562352 -0.1158521 -0.1439289 0.2127689 0.2492662 0.1828600 0.3992707 -0.0156976 -0.1694204 0.4142664 -0.1112403 -0.1081183 -0.1900269 -0.1715064 0.0423344 0.0612628 0.0352338 0.0444499 0.4219409 0.4454247 -0.0553213 0.4546273 0.1234225 -0.0661304 -0.0863299 0.4175482 0.1148077 -0.0591604 -0.1353668 -0.2094640 -0.1105282 0.1953419 0.1519748 -0.0872694 0.0571346 -0.1355120 -0.1293992 0.2537398 -0.1372456 -0.1853757 -0.1811797 -0.1946418 -0.1763385 -0.1451276 -0.0710225 0.4279794 -0.0819929 0.2833471 0.0317391 -0.1337624 0.4142472 0.0736538 0.2195339 -0.1755131 0.0928555 -0.0435639 0.1177536 0.0005264 -0.1912949 0.4069410 -0.1350387 -0.1406854 -0.1879354 -0.1531966 0.1037378 0.0313966 -0.1942463 -0.1776137 -0.1733076 -0.0459477 0.3407153 0.0005927 -0.1942603 -0.1865897 0.4222170 0.0745741 -0.1647373 -0.1436146 0.0541414 0.0971625 -0.1368953 -0.0104833 0.0605833 -0.1625053 -0.1501695 0.4443332 0.2745975 -0.0756793 0.4221103 -0.1487639
0.0602721 0.0626307 0.0117338 0.1205638 0.2074629 1.0890222 -0.1029862 0.0285121 -0.0865303 -0.0366094 0.2051806 -0.1003249 -0.0727354 -0.0953200 -0.0897824 -0.0218110 -0.0913725 -0.0963026 0.0537583 -0.0572244 0.0081295 0.2127249 0.0044695 -0.1011841 0.1303622 -0.0539230 0.0431843 -0.0427283 0.0854825 0.0963897 -0.0979637 -0.0097613 0.1408558 -0.0870462 0.0438733 -0.0533011 -0.0603905 -0.0381731 -0.0906458 -0.0093522 0.0618353 0.1375579 -0.0286480 -0.0584319 -0.0737509 0.1046621 0.1216339 0.0926726 0.1956607 -0.0077850 -0.0849104 0.2046441 -0.0547710 -0.0570092 -0.0968785 -0.0866382 0.0190809 0.0332262 0.0194217 0.0250428 0.2094287 0.2133230 -0.0290948 0.2202465 0.0630477 -0.0315944 -0.0437448 0.2091204 0.0590569 -0.0322737 -0.0702902 -0.1054190 -0.0586235 0.0963569 0.0880576 -0.0445663 0.0291184 -0.0675500 -0.0676915 0.1273224 -0.0718243 -0.0927503 -0.0926850 -0.0987605 -0.0912890 -0.0723960 -0.0377275 0.2109031 -0.0424245 0.1400507 0.0183840 -0.0689652 0.2011037 0.0370082 0.1113750 -0.0875385 0.0502791 -0.0216855 0.0589181 0.0024036 -0.0991759 0.2011931 -0.0676918 -0.0701000 -0.0948154 -0.0782909 0.0510930 0.0190147 -0.0974319 -0.0887192 -0.0869828 -0.0232363 0.1655469 0.0014559 -0.0979045 -0.0930916 0.2066460 0.0383781 -0.0850352 -0.0745530 0.0282298 0.0491096 -0.0683333 -0.0041790 0.0313146 -0.0829000 -0.0764780 0.2165339 0.1371607 -0.0400523 0.2076254 -0.0738742
-0.0574521 -0.0639647 -0.0126733 -0.1218147 -0.2048598 -0.1029862 1.0504714 -0.0290191 0.0758044 0.0291387 -0.2000076 0.0917903 0.0658994 0.0861771 0.0812180 0.0169965 0.0820086 0.0902057 -0.0543388 0.0495790 -0.0081812 -0.2048068 -0.0110978 0.0917119 -0.1283875 0.0459590 -0.0430744 0.0395653 -0.0856482 -0.0928478 0.0848577 0.0086899 -0.1354764 0.0835068 -0.0467038 0.0429895 0.0560420 0.0370470 0.0823741 0.0069978 -0.0598196 -0.1317788 0.0228027 0.0530746 0.0652027 -0.1029496 -0.1223029 -0.0905461 -0.1878729 0.0054836 0.0763429 -0.1981974 0.0462286 0.0477189 0.0871089 0.0763270 -0.0225290 -0.0315724 -0.0225124 -0.0267239 -0.2028061 -0.2116085 0.0212063 -0.2176013 -0.0632749 0.0271212 0.0387587 -0.2031551 -0.0609153 0.0283708 0.0643463 0.2014579 0.0496500 -0.0958275 -0.0730298 0.0411830 -0.0307011 0.0601547 0.0622280 -0.1236501 0.0614234 0.0864776 0.0831959 0.0886503 0.0799617 0.0670497 0.0310588 -0.2043085 0.0370589 -0.1375529 -0.0198253 0.0598722 -0.1969301 -0.0392809 -0.1097293 0.0797233 -0.0490660 0.0177159 -0.0578058 -0.0054947 0.0881434 -0.1957458 0.0605166 0.0632043 0.0843049 0.0722166 -0.0520583 -0.0192191 0.0905272 0.0823735 0.0799220 0.0211001 -0.1625604 -0.0041081 0.0866306 0.0861713 -0.2020825 -0.0394603 0.0771209 0.0640039 -0.0293067 -0.0504222 0.0579532 0.0000399 -0.0311249 0.0731544 0.0670371 -0.2118696 -0.1389289 0.0318454 -0.2031119 0.0639200
0.0171032 0.0164492 0.0032061 0.0315068 0.0546401 0.0285121 -0.0290191 1.0084747 -0.0242662 -0.0105359 0.0527500 -0.0270954 -0.0210823 -0.0277352 -0.0254259 -0.0062055 -0.0237985 -0.0285206 0.0139773 -0.0159982 0.0012525 0.0556324 0.0003351 -0.0276264 0.0361535 -0.0161563 0.0127508 -0.0124750 0.0224844 0.0275677 -0.0284006 -0.0005530 0.0362652 -0.0261030 0.0120302 -0.0151752 -0.0174831 -0.0099134 -0.0268552 -0.0007630 0.0167480 0.0361356 -0.0095853 -0.0168019 -0.0216686 0.0293172 0.0305626 0.0261119 0.0492419 -0.0017524 -0.0235512 0.0525519 -0.0126184 -0.0168282 -0.0266227 -0.0236551 0.0041773 0.0093254 0.0049466 0.0048980 0.0550980 0.0551774 -0.0088859 0.0567646 0.0182811 -0.0098459 -0.0128100 0.0557822 0.0169779 -0.0085374 -0.0184163 -0.0301965 -0.0153906 0.0237549 0.0175858 -0.0122345 0.0102130 -0.0191874 -0.0194058 0.0347606 -0.0195493 -0.0267081 -0.0251847 -0.0289593 -0.0265179 -0.0206979 -0.0094104 0.0566225 -0.0105793 0.0350710 0.0039672 -0.0188496 0.0533253 0.0104782 0.0309355 -0.0241177 0.0137833 -0.0059523 0.0168753 0.0006404 -0.0305081 0.0516075 -0.0187687 -0.0188892 -0.0274069 -0.0209293 0.0147072 0.0050237 -0.0287796 -0.0248200 -0.0251208 -0.0045177 0.0433390 -0.0001795 -0.0263542 -0.0262484 0.0552069 0.0085549 -0.0241511 -0.0186892 0.0103517 0.0130768 -0.0184423 -0.0012023 0.0095545 -0.0225251 -0.0202954 0.0553266 0.0356182 -0.0126396 0.0542066 -0.0212374
-0.0498253 -0.0503251 -0.0111789 -0.0998439 -0.1705247 -0.0865303 0.0758044 -0.0242662 1.0285010 0.0246047 -0.1694368 0.0761015 0.0528490 0.0718445 0.0684857 0.0153857 0.0696088 0.0754108 -0.0447214 0.0424265 -0.0074153 -0.1724575 -0.0033977 0.0769516 -0.1064660 0.0394601 -0.0385298 0.0324001 -0.0691144 -0.0779194 0.0740580 0.0064547 -0.1134581 0.0681188 -0.0383724 0.0376728 0.0476758 0.0272034 0.0686448 0.0033813 -0.0509611 -0.1089415 0.0208699 0.0431717 0.0542280 -0.0877595 -0.0989605 -0.0751508 -0.1616545 0.0049326 0.0647931 -0.1618943 0.0420257 0.0408569 0.0751808 0.0688306 -0.0176742 -0.0279999 -0.0175362 -0.0244569 -0.1707054 -0.1766767 0.0168524 -0.1795617 -0.0518819 0.0239687 0.0326798 -0.1697917 -0.0480514 0.0240682 0.0522675 0.0776548 0.0426910 -0.0806260 -0.0622448 0.0339317 -0.0262448 0.0533379 0.0501879 -0.1031090 0.0531258 0.0722389 0.0707782 0.0762582 0.0680893 0.0547037 0.0269311 -0.1712085 0.0292066 -0.1148727 -0.0123967 0.0482649 -0.1661785 -0.0326739 -0.0880189 0.0651923 -0.0405374 0.0165892 -0.0483383 -0.0030410 0.0726336 -0.1627251 0.0523706 0.0532797 0.0752225 0.0593937 -0.0431212 -0.0132190 0.0751843 0.0650586 0.0668035 0.0150925 -0.1413537 -0.0013218 0.0747518 0.0696281 -0.1699854 -0.0335976 0.0634185 0.0543690 -0.0244753 -0.0402529 0.0494479 0.0018180 -0.0269506 0.0627018 0.0569298 -0.1761958 -0.1110953 0.0256184 -0.1692111 0.0533832
-0.0207782 -0.0216923 -0.0025953 -0.0436622 -0.0711480 -0.0366094 0.0291387 -0.0105359 0.0246047 1.0063702 -0.0689227 0.0307213 0.0201438 0.0307432 0.0246475 0.0023399 0.0263670 0.0298356 -0.0215813 0.0165677 -0.0052966 -0.0725457 -0.0030197 0.0305978 -0.0429219 0.0147935 -0.0181279 0.0121929 -0.0288827 -0.0336052 0.0293152 0.0006144 -0.0478543 0.0258726 -0.0151721 0.0152945 0.0181290 0.0097918 0.0294055 0.0014465 -0.0231594 -0.0478765 0.0055697 0.0201607 0.0227862 -0.0373536 -0.0430410 -0.0328855 -0.0670346 0.0014310 0.0249503 -0.0724185 0.0150470 0.0126595 0.0300426 0.0255361 -0.0076737 -0.0111737 -0.0091476 -0.0097449 -0.0715530 -0.0755326 0.0088940 -0.0727082 -0.0239790 0.0068108 0.0125337 -0.0701973 -0.0200234 0.0103967 0.0215223 0.0296773 0.0170220 -0.0330423 -0.0270460 0.0125521 -0.0126102 0.0204731 0.0195848 -0.0429546 0.0225266 0.0278573 0.0271095 0.0281369 0.0275503 0.0231080 0.0094800 -0.0726276 0.0134328 -0.0473846 -0.0069175 0.0227418 -0.0669454 -0.0145845 -0.0378598 0.0243789 -0.0169063 0.0034622 -0.0199179 -0.0019875 0.0296483 -0.0669178 0.0201180 0.0223350 0.0272974 0.0237958 -0.0192594 -0.0079025 0.0308710 0.0262309 0.0256110 0.0046989 -0.0554323 -0.0013559 0.0310714 0.0289020 -0.0710793 -0.0116873 0.0258237 0.0242668 -0.0111077 -0.0160328 0.0234834 0.0005291 -0.0112409 0.0236670 0.0239406 -0.0729675 -0.0452088 0.0088228 -0.0703098 0.0226619
0.1168753 0.1163396 0.0191386 0.2504882 0.4208980 0.2051806 -0.2000076 0.0527500 -0.1694368 -0.0689227 1.2790097 -0.1951489 -0.1455806 -0.1834709 -0.1770432 -0.0365673 -0.1768681 -0.1917779 0.1033020 -0.1124799 0.0110849 0.4233311 0.0074839 -0.1970736 0.2590441 -0.1028550 0.0822780 -0.0879230 0.1681920 0.1864112 -0.1878152 -0.0232183 0.2710786 -0.1727532 0.0853905 -0.1007409 -0.1171157 -0.0752088 -0.1761730 -0.0161852 0.1196549 0.2715122 -0.0558027 -0.1128556 -0.1403657 0.2069627 0.2444163 0.1827457 0.3923839 -0.0154158 -0.1659434 0.4078347 -0.1084673 -0.1096189 -0.1885524 -0.1678314 0.0432210 0.0614347 0.0367025 0.0489510 0.4136032 0.4404827 -0.0522204 0.4466270 0.1217763 -0.0647561 -0.0875369 0.4113280 0.1153317 -0.0581274 -0.1348450 -0.2042417 -0.1092198 0.1920412 0.1489602 -0.0864866 0.0559245 -0.1359023 -0.1293700 0.2479986 -0.1375941 -0.1830615 -0.1809917 -0.1924262 -0.1746838 -0.1445600 -0.0717115 0.4177950 -0.0796319 0.2777092 0.0290210 -0.1338913 0.4033020 0.0738092 0.2163173 -0.1728553 0.0920374 -0.0420232 0.1126615 0.0001876 -0.1903153 0.3985479 -0.1318974 -0.1390464 -0.1864532 -0.1533715 0.1032702 0.0343102 -0.1912886 -0.1716112 -0.1725487 -0.0452779 0.3339110 -0.0004202 -0.1888807 -0.1809315 0.4197370 0.0725980 -0.1639569 -0.1411837 0.0548405 0.0948245 -0.1336524 -0.0084425 0.0621237 -0.1575622 -0.1477125 0.4386767 0.2716891 -0.0753278 0.4159654 -0.1476026
-0.0572104 -0.0612079 -0.0116059 -0.1190358 -0.1963922 -0.1003249 0.0917903 -0.0270954 0.0761015 0.0307213 -0.1951489 1.0366611 0.0660039 0.0857461 0.0791146 0.0120629 0.0794068 0.0853840 -0.0528366 0.0486509 -0.0080526 -0.1988674 -0.0087634 0.1914908 -0.1220965 0.0447080 -0.0435490 0.0374050 -0.0825346 -0.0899791 0.0828639 0.0063660 -0.1325376 0.0790414 -0.0443900 0.0438254 0.0513622 0.0317831 0.0816780 0.0046175 -0.0617279 -0.1304256 0.0213541 0.0504976 0.0649891 -0.1024011 -0.1168464 -0.0890982 -0.1821087 0.0016364 0.0763227 -0.1931242 0.0469516 0.0467568 0.0830997 0.0735359 -0.0232349 -0.0331260 -0.0217234 -0.0299940 -0.1975936 -0.2039271 0.0194976 -0.2074835 -0.0627835 0.0256469 0.0362747 -0.1974517 -0.0577234 0.0227640 0.0620989 0.0931863 0.0472428 -0.0935983 -0.0724268 0.0386099 -0.0314636 0.0596211 0.0578345 -0.1206482 0.0609321 0.0815127 0.0807772 0.0851779 0.0762045 0.0628531 0.0297553 -0.1967160 0.0337249 -0.1345853 -0.0185661 0.0612617 -0.1906323 -0.0375996 -0.1074475 0.0727473 -0.0471547 0.0175790 -0.0585602 -0.0024608 0.0848365 -0.1913482 0.0601203 0.0635174 0.0836926 0.0726766 -0.0514871 -0.0173904 0.0879055 0.0802508 0.0775977 0.0194715 -0.1605121 -0.0052169 0.0881445 0.0823469 -0.1964525 -0.0398238 0.0741863 0.0644837 -0.0283267 -0.0472294 0.0587572 -0.0016059 -0.0308760 0.0693879 0.0621031 -0.2021568 -0.1293913 0.0335788 -0.1960956 0.0661675
-0.0450679 -0.0447256 -0.0104422 -0.0880641 -0.1489224 -0.0727354 0.0658994 -0.0210823 0.0528490 0.0201438 -0.1455806 0.0660039 1.0247666 0.0600120 0.0586686 0.0115085 0.0576910 0.0647467 -0.0401913 0.0389987 -0.0061203 -0.1499185 -0.0043246 0.0674722 -0.0934576 0.0321766 -0.0306990 0.0283124 -0.0633463 -0.0692850 0.0632830 0.0048828 -0.0955855 0.0612142 -0.0325793 0.0336404 0.0355855 0.0262847 0.0576460 0.0048704 -0.0434952 -0.0973679 0.0165579 0.0372455 0.0480336 -0.0755580 -0.0874641 -0.0655457 -0.1409433 0.0022252 0.0554529 -0.1452759 0.0359176 0.0381103 0.0635312 0.0566734 -0.0185341 -0.0234559 -0.0165906 -0.0204436 -0.1474559 -0.1520213 0.0163247 -0.1554770 -0.0459557 0.0195569 0.0281044 -0.1460963 -0.0433592 0.0175140 0.0416548 0.0672161 0.0342891 -0.0675173 -0.0564459 0.0283724 -0.0225879 0.0454352 0.0443411 -0.0891877 0.0453119 0.0628417 0.0618828 0.0629434 0.0588908 0.0450177 0.0221974 -0.1516225 0.0254253 -0.0977590 -0.0145168 0.0430699 -0.1403583 -0.0271192 -0.0784091 0.0523978 -0.0346897 0.0124040 -0.0429149 -0.0053526 0.0626866 -0.1432481 0.0435913 0.0454901 0.0650236 0.0504705 -0.0385798 -0.0129541 0.0643099 0.0594237 0.0607180 0.0150437 -0.1197336 -0.0028232 0.0642226 0.0593793 -0.1466092 -0.0298977 0.0542288 0.0483075 -0.0214944 -0.0392645 0.0451312 -0.0027556 -0.0236903 0.0527645 0.0492556 -0.1524015 -0.1005144 0.0234292 -0.1465764 0.0481472
-0.0548978 -0.0567570 -0.0103798 -0.1106955 -0.1855989 -0.0953200 0.0861771 -0.0277352 0.0718445 0.0307432 -0.1834709 0.0857461 0.0600120 1.0366877 0.0754002 0.0098934 0.0724729 0.0825909 -0.0503510 0.0450344 -0.0059182 -0.1876657 -0.0049981 0.0872756 -0.1176690 0.0445639 -0.0404418 0.0318401 -0.0813368 -0.0847521 0.0814153 0.0077458 -0.1231619 0.0735642 -0.0416023 0.0450794 0.0488366 0.0278212 0.0765107 0.0071857 -0.0577179 -0.1245612 0.0214456 0.0473423 0.0603462 -0.0954405 -0.1124063 -0.0846613 -0.1764656 0.0054849 0.0711292 -0.1826065 0.0441828 0.0441092 0.0804962 0.0765803 -0.0236006 -0.0278963 -0.0179246 -0.0232177 -0.1859747 -0.1937001 0.0194194 -0.1981231 -0.0561235 0.0284269 0.0359202 -0.1867564 -0.0546242 0.0227577 0.0579183 0.0877960 0.0467481 -0.0898641 -0.0687092 0.0390789 -0.0264854 0.0580741 0.0534775 -0.1136577 0.0607780 0.0801633 0.0762353 0.0878567 0.0764169 0.0676141 0.0319038 -0.1884155 0.0341148 -0.1304654 -0.0146271 0.0590645 -0.1825846 -0.0336018 -0.0978817 0.0740307 -0.0454335 0.0141806 -0.0552252 0.0006535 0.0819919 -0.1784854 0.0538316 0.0592932 0.0780621 0.0661296 -0.0500848 -0.0172864 0.0856527 0.0790081 0.0720199 0.0182298 -0.1501817 -0.0042556 0.0805764 0.0801601 -0.1845904 -0.0357714 0.0656321 0.0619211 -0.0291187 -0.0419745 0.0527772 0.0014839 -0.0325130 0.0719273 0.0614079 -0.1936008 -0.1243543 0.0312101 -0.1869486 0.0644202
-0.0515049 -0.0528894 -0.0092380 -0.1049584 -0.1776023 -0.0897824 0.0812180 -0.0254259 0.0684857 0.0246475 -0.1770432 0.0791146 0.0586686 0.0754002 1.0341312 0.0137649 0.0709238 0.0786001 -0.0469179 0.0446294 -0.0083337 -0.1799362 -0.0062798 0.0804044 -0.1120938 0.0438967 -0.0376151 0.0366517 -0.0726806 -0.0794470 0.0748965 0.0056054 -0.1170201 0.0712484 -0.0382737 0.0389773 0.0475154 0.0284463 0.0714469 0.0040492 -0.0532209 -0.1174188 0.0220804 0.0446243 0.0552363 -0.0902115 -0.1054618 -0.0806774 -0.1671801 0.0031754 0.0673792 -0.1741246 0.0443052 0.0429623 0.0764251 0.0693098 -0.0204644 -0.0274891 -0.0187200 -0.0209376 -0.1776709 -0.1845667 0.0201748 -0.1884354 -0.0558140 0.0244317 0.0316322 -0.1753654 -0.0531329 0.0214217 0.0550155 0.0830821 0.0415975 -0.0858101 -0.0661010 0.0331302 -0.0276970 0.0539282 0.0528935 -0.1084612 0.0570210 0.0773456 0.0728609 0.0761175 0.0718966 0.0601544 0.0279707 -0.1786618 0.0308713 -0.1187278 -0.0151440 0.0538839 -0.1719116 -0.0337130 -0.0955594 0.0715533 -0.0404962 0.0146186 -0.0517625 -0.0041783 0.0781634 -0.1683074 0.0554265 0.0533728 0.0720563 0.0626981 -0.0468381 -0.0170802 0.0775656 0.0726602 0.0701919 0.0170441 -0.1447206 -0.0053377 0.0780661 0.0732826 -0.1771960 -0.0344289 0.0672111 0.0549390 -0.0245079 -0.0420539 0.0527164 -0.0006886 -0.0300705 0.0671798 0.0597642 -0.1836699 -0.1171888 0.0317102 -0.1778101 0.0602767
-0.0131728 -0.0153049 -0.0051563 -0.0228491 -0.0414433 -0.0218110 0.0169965 -0.0062055 0.0153857 0.0023399 -0.0365673 0.0120629 0.0115085 0.0098934 0.0137649 1.0089712 0.0126378 0.0164752 -0.0106629 0.0078899 -0.0021170 -0.0393249 -0.0038870 0.0122954 -0.0255176 0.0075192 -0.0093529 0.0077173 -0.0178269 -0.0210616 0.0125021 -0.0006287 -0.0280719 0.0128086 -0.0104300 0.0079997 0.0120477 0.0055603 0.0131377 0.0002317 -0.0110817 -0.0256492 0.0025028 0.0100860 0.0089704 -0.0191491 -0.0230530 -0.0199424 -0.0385648 0.0003899 0.0124108 -0.0403020 0.0087486 0.0086989 0.0123867 0.0156999 -0.0028947 -0.0093402 -0.0059793 -0.0048247 -0.0386281 -0.0393404 0.0014023 -0.0432175 -0.0126747 0.0039058 0.0040847 -0.0385935 -0.0139405 0.0015102 0.0103585 0.0174531 0.0072915 -0.0187969 -0.0146065 0.0079084 -0.0078257 0.0105579 0.0106958 -0.0249033 0.0098723 0.0154481 0.0142482 0.0168880 0.0132643 0.0121758 0.0035513 -0.0415619 0.0059770 -0.0260182 -0.0052799 0.0105332 -0.0351818 -0.0084844 -0.0218680 0.0111720 -0.0084640 0.0022986 -0.0133598 -0.0033267 0.0141826 -0.0395116 0.0084483 0.0106083 0.0150240 0.0121754 -0.0122246 -0.0068036 0.0179727 0.0153490 0.0117016 0.0040437 -0.0324886 -0.0037222 0.0135995 0.0178272 -0.0393575 -0.0103887 0.0138826 0.0093161 -0.0068883 -0.0089298 0.0112045 0.0003728 -0.0072528 0.0145155 0.0113077 -0.0437749 -0.0234907 0.0043732 -0.0400183 0.0089349
-0.0539121 -0.0536672 -0.0099758 -0.1069167 -0.1798251 -0.0913725 0.0820086 -0.0237985 0.0696088 0.0263670 -0.1768681 0.0794068 0.0576910 0.0724729 0.0709238 0.0126378 1.0307125 0.0808364 -0.0408805 0.0429449 -0.0071806 -0.1816061 -0.0048159 0.0787454 -0.1141661 0.0415157 -0.0384354 0.0340538 -0.0758979 -0.0847070 0.0748221 0.0061017 -0.1179623 0.0752997 -0.0383840 0.0401175 0.0482676 0.0303503 0.0689249 0.0034795 -0.0537247 -0.1174309 0.0238107 0.0456608 0.0614917 -0.0930852 -0.1083762 -0.0803241 -0.1691383 0.0026781 0.0691735 -0.1744931 0.0444503 0.0481431 0.0775790 0.0677540 -0.0245603 -0.0278405 -0.0199107 -0.0209000 -0.1783707 -0.1842566 0.0222503 -0.1894108 -0.0558689 0.0245921 0.0347642 -0.1793125 -0.0522842 0.0242372 0.0547909 0.0836118 0.0420467 -0.0833536 -0.0650451 0.0336985 -0.0285531 0.0571781 0.0522203 -0.1090470 0.0532966 0.0735010 0.0724713 0.0783394 0.0713203 0.0586978 0.0257549 -0.1811841 0.0338853 -0.1198936 -0.0140997 0.0550969 -0.1748994 -0.0341791 -0.0973767 0.0693129 -0.0424782 0.0152299 -0.0522199 -0.0054123 0.0768849 -0.1708587 0.0532231 0.0580896 0.0761874 0.0616914 -0.0453839 -0.0161386 0.0787338 0.0706042 0.0702249 0.0161662 -0.1435857 -0.0035326 0.0772070 0.0733124 -0.1764367 -0.0339005 0.0645547 0.0585020 -0.0245104 -0.0430840 0.0579314 0.0029118 -0.0260779 0.0663983 0.0624664 -0.1851082 -0.1159851 0.0303451 -0.1784393 0.0576283
-0.0570247 -0.0591046 -0.0117852 -0.1117457 -0.1971310 -0.0963026 0.0902057 -0.0285206 0.0754108 0.0298356 -0.1917779 0.0853840 0.0647467 0.0825909 0.0786001 0.0164752 0.0808364 1.0441244 -0.0524441 0.0475018 -0.0093520 -0.1966066 -0.0070110 0.0858709 -0.1209878 0.0471214 -0.0414092 0.0356269 -0.0809496 -0.0899026 0.0835767 0.0067042 -0.1270864 0.0751008 -0.0435472 0.0428619 0.0537300 0.0313077 0.0775758 0.0037282 -0.0578186 -0.1260410 0.0232809 0.0488259 0.0615480 -0.0990582 -0.1142352 -0.0860319 -0.1807778 0.0026666 0.0726906 -0.1863184 0.0495334 0.0450978 0.0855297 0.0750460 -0.0218820 -0.0310182 -0.0191669 -0.0247295 -0.1940510 -0.1999818 0.0184319 -0.2044239 -0.0596112 0.0250447 0.0369659 -0.1905551 -0.0524652 0.0228510 0.0586744 0.0922593 0.0479542 -0.0917354 -0.0708449 0.0378975 -0.0289772 0.0610513 0.0592549 -0.1175223 0.0619673 0.0839236 0.0783987 0.0862701 0.0781442 0.0614435 0.0257479 -0.1926995 0.0326509 -0.1289660 -0.0144962 0.0756634 -0.1870194 -0.0359380 -0.1048940 0.0751298 -0.0473772 0.0144600 -0.0584434 -0.0047575 0.0853950 -0.1846784 0.0587608 0.0614306 0.0843569 0.0683498 -0.0518059 -0.0182037 0.0835084 0.0789470 0.0753451 0.0191832 -0.1562587 -0.0048470 0.0841525 0.0810398 -0.1929375 -0.0352766 0.0756071 0.0647733 -0.0293858 -0.0489607 0.0579416 0.0017497 -0.0302435 0.0681917 0.0652885 -0.2010435 -0.1281262 0.0315009 -0.1921833 0.0644938
0.0313287 0.0322471 0.0062150 0.0619954 0.1044043 0.0537583 -0.0543388 0.0139773 -0.0447214 -0.0215813 0.1033020 -0.0528366 -0.0401913 -0.0503510 -0.0469179 -0.0106629 -0.0408805 -0.0524441 1.0354100 -0.0282171 0.0041727 0.1066531 0.0017611 -0.0528516 0.0662507 -0.0283691 0.0223917 -0.0242765 0.0447114 0.0494022 -0.0508657 -0.0038470 0.0706176 -0.0458456 0.0273513 -0.0235695 -0.0322909 -0.0218263 -0.0472954 -0.0084196 0.0315435 0.0670647 -0.0158219 -0.0309284 -0.0407847 0.0553080 0.0614284 0.0476432 0.0971676 -0.0030447 -0.0444480 0.1012332 -0.0298619 -0.0298594 -0.0525265 -0.0443710 0.0070835 0.0147303 0.0089149 0.0133901 0.1075206 0.1059520 -0.0165661 0.1114261 0.0319757 -0.0145089 -0.0255369 0.1080452 0.0295929 -0.0181401 -0.0370365 -0.0560695 -0.0303386 0.0479146 0.0370282 -0.0239552 0.0167346 -0.0375437 -0.0362005 0.0646665 -0.0366017 -0.0516118 -0.0467557 -0.0513797 -0.0491298 -0.0366371 -0.0192834 0.1052444 -0.0203659 0.0714982 0.0095095 -0.0362783 0.0983714 0.0183452 0.0573954 -0.0451203 0.0232478 -0.0112370 0.0323709 0.0020659 -0.0529253 0.0991372 -0.0365292 -0.0378130 -0.0479884 -0.0407412 0.0265051 0.0087432 -0.0514917 -0.0474382 -0.0448396 -0.0117263 0.0835418 0.0003377 -0.0493994 -0.0490711 0.1065162 0.0191220 -0.0408906 -0.0360136 0.0165189 0.0270430 -0.0371803 -0.0016083 0.0164928 -0.0456127 -0.0395249 0.1073958 0.0667195 -0.0213649 0.1038668 -0.0409968
-0.0328758 -0.0331154 -0.0078393 -0.0654557 -0.1113055 -0.0572244 0.0495790 -0.0159982 0.0424265 0.0165677 -0.1124799 0.0486509 0.0389987 0.0450344 0.0446294 0.0078899 0.0429449 0.0475018 -0.0282171 1.0093215 -0.0052732 -0.1143096 -0.0066574 0.0499879 -0.0678326 0.0260941 -0.0201297 0.0229083 -0.0458801 -0.0516399 0.0465478 0.0050496 -0.0741439 0.0403942 -0.0239816 0.0243034 0.0282186 0.0167719 0.0409224 0.0054123 -0.0312203 -0.0723337 0.0139498 0.0283204 0.0356874 -0.0573663 -0.0651212 -0.0494739 -0.1025419 0.0016696 0.0395515 -0.1081592 0.0265830 0.0256935 0.0480196 0.0429582 -0.0138943 -0.0203640 -0.0127432 -0.0130439 -0.1097352 -0.1129558 0.0104557 -0.1170422 -0.0361193 0.0128935 0.0218097 -0.1090942 -0.0314996 0.0139236 0.0340102 0.0506530 0.0258566 -0.0544392 -0.0412832 0.0224119 -0.0189710 0.0322232 0.0322778 -0.0683136 0.0341411 0.0429089 0.0446893 0.0478255 0.0438052 0.0341622 0.0162472 -0.1104636 0.0186533 -0.0743473 -0.0093833 0.0327076 -0.1069608 -0.0216718 -0.0584956 0.0432095 -0.0274450 0.0088461 -0.0308265 -0.0030784 0.0461822 -0.1076578 0.0353965 0.0346425 0.0450574 0.0390239 -0.0300548 -0.0106435 0.0484197 0.0416167 0.0431197 0.0109724 -0.0889040 -0.0031372 0.0475537 0.0436987 -0.1113905 -0.0219761 0.0406810 0.0336754 -0.0159127 -0.0258948 0.0302183 0.0011664 -0.0154755 0.0369743 0.0359515 -0.1154705 -0.0734106 0.0173315 -0.1107080 0.0361572
0.0047196 0.0040366 -0.0000084 0.0068059 0.0133821 0.0081295 -0.0081812 0.0012525 -0.0074153 -0.0052966 0.0110849 -0.0080526 -0.0061203 -0.0059182 -0.0083337 -0.0021170 -0.0071806 -0.0093520 0.0041727 -0.0052732 1.0081130 0.0139130 -0.0016962 -0.0078496 0.0083862 -0.0045846 0.0057035 -0.0057396 0.0063730 0.0053447 -0.0096124 -0.0008216 0.0107269 -0.0082687 0.0033347 -0.0044246 -0.0038893 -0.0045694 -0.0078054 -0.0028399 0.0055886 0.0098159 -0.0031544 -0.0048562 -0.0072365 0.0086633 0.0074411 0.0071305 0.0118608 0.0006580 -0.0054929 0.0122255 -0.0065007 -0.0074641 -0.0071407 -0.0074586 -0.0009305 0.0016109 0.0012265 0.0007470 0.0146789 0.0121580 -0.0058211 0.0138469 0.0051243 -0.0006063 -0.0038838 0.0155242 0.0040545 -0.0038483 -0.0043376 -0.0082822 -0.0059897 0.0049479 0.0034222 -0.0036381 -0.0002835 -0.0055426 -0.0048411 0.0088659 -0.0071811 -0.0077057 -0.0068601 -0.0085971 -0.0094296 -0.0052345 -0.0030459 0.0147536 -0.0031872 0.0089386 -0.0000331 -0.0039099 0.0125653 0.0038688 0.0089142 -0.0085891 0.0047409 -0.0033569 0.0045688 0.0007869 -0.0092657 0.0115705 -0.0061557 -0.0057080 -0.0094295 -0.0066698 0.0040358 0.0015791 -0.0091322 -0.0055759 -0.0073399 -0.0021241 0.0111031 0.0004647 -0.0094522 -0.0063033 0.0145776 0.0017094 -0.0082657 -0.0073478 0.0025707 0.0036739 -0.0070575 -0.0001298 0.0028501 -0.0072001 -0.0088527 0.0140203 0.0068822 -0.0043610 0.0136903 -0.0081353
0.1200861 0.1228141 0.0193997 0.2488434 0.4332333 0.2127249 -0.2048068 0.0556324 -0.1724575 -0.0725457 0.4233311 -0.1988674 -0.1499185 -0.1876657 -0.1799362 -0.0393249 -0.1816061 -0.1966066 0.1066531 -0.1143096 0.0139130 1.2929778 0.0083738 -0.2008381 0.2649675 -0.1067596 0.0845917 -0.0878979 0.1726044 0.1919277 -0.1904824 -0.0197797 0.2791484 -0.1775534 0.0889241 -0.1047798 -0.1234517 -0.0799195 -0.1789747 -0.0190838 0.1262100 0.2796379 -0.0558723 -0.1162219 -0.1465880 0.2128257 0.2505420 0.1863289 0.4001856 -0.0154164 -0.1692503 0.4223429 -0.1127422 -0.1106925 -0.1927224 -0.1736352 0.0413234 0.0678602 0.0376132 0.0508511 0.4237034 0.4395381 -0.0537242 0.4571911 0.1254902 -0.0641683 -0.0871696 0.4214373 0.1165855 -0.0624131 -0.1372193 -0.2098917 -0.1116677 0.1946764 0.1521370 -0.0908683 0.0599990 -0.1385133 -0.1334233 0.2577701 -0.1406871 -0.1874442 -0.1840771 -0.1984858 -0.1799872 -0.1473164 -0.0698833 0.4343068 -0.0828215 0.2823794 0.0310720 -0.1363009 0.4203158 0.0761645 0.2244980 -0.1748788 0.0973379 -0.0415994 0.1197598 0.0028641 -0.1973771 0.4121008 -0.1368573 -0.1414561 -0.1902556 -0.1587630 0.1046823 0.0354056 -0.1971638 -0.1780342 -0.1727631 -0.0443160 0.3405145 0.0021652 -0.1958355 -0.1858724 0.4240896 0.0755330 -0.1668118 -0.1454568 0.0552841 0.0977879 -0.1347752 -0.0092014 0.0622958 -0.1622820 -0.1492727 0.4396672 0.2771262 -0.0788368 0.4238733 -0.1500804
0.0006614 0.0018945 -0.0011131 0.0074927 0.0087203 0.0044695 -0.0110978 0.0003351 -0.0033977 -0.0030197 0.0074839 -0.0087634 -0.0043246 -0.0049981 -0.0062798 -0.0038870 -0.0048159 -0.0070110 0.0017611 -0.0066574 -0.0016962 0.0083738 1.0190656 -0.0079209 0.0044863 -0.0060835 0.0013269 -0.0019299 0.0052863 0.0022318 -0.0049046 -0.0022971 0.0050727 -0.0058183 -0.0007921 -0.0033833 -0.0057055 -0.0058918 -0.0062326 -0.0000932 0.0016785 0.0066413 -0.0038278 -0.0054790 -0.0077630 0.0033687 0.0046119 0.0013215 0.0100225 -0.0022430 -0.0040368 0.0109468 -0.0063198 -0.0059528 -0.0051302 -0.0066654 -0.0012539 -0.0005394 -0.0003594 -0.0021778 0.0108120 0.0077461 -0.0019217 0.0089706 0.0000270 -0.0057029 -0.0052303 0.0096422 0.0004876 -0.0025386 -0.0060699 -0.0114043 -0.0061414 0.0015718 0.0022956 -0.0021983 -0.0016944 -0.0039857 -0.0071222 0.0047005 -0.0044312 -0.0080110 -0.0054269 -0.0048616 -0.0047989 -0.0039109 -0.0020275 0.0090058 -0.0041650 0.0029024 -0.0026942 -0.0038084 0.0118380 -0.0008939 0.0031741 -0.0069353 0.0005691 -0.0026024 0.0010425 -0.0021457 -0.0066098 0.0100740 -0.0059818 -0.0056808 -0.0045065 -0.0082089 0.0029752 -0.0014956 -0.0103366 -0.0063588 -0.0052284 -0.0022037 0.0057012 -0.0007978 -0.0059475 -0.0049855 0.0069056 -0.0012701 -0.0052692 -0.0060078 -0.0024532 0.0007929 -0.0038147 -0.0023066 0.0003798 -0.0064133 -0.0046587 0.0099238 0.0068038 -0.0063951 0.0090480 -0.0058253
-0.0581179 -0.0621040 -0.0119570 -0.1195790 -0.1993471 -0.1011841 0.0917119 -0.0276264 0.0769516 0.0305978 -0.1970736 0.1914908 0.0674722 0.0872756 0.0804044 0.0122954 0.0787454 0.0858709 -0.0528516 0.0499879 -0.0078496 -0.2008381 -0.0079209 1.0404001 -0.1230714 0.0453113 -0.0435432 0.0381019 -0.0835052 -0.0908867 0.0835883 0.0062805 -0.1331922 0.0796233 -0.0445631 0.0436515 0.0517156 0.0322217 0.0811525 0.0039376 -0.0623146 -0.1316568 0.0210227 0.0505742 0.0635254 -0.1026671 -0.1170565 -0.0895673 -0.1838595 0.0013311 0.0772577 -0.1949835 0.0476481 0.0464778 0.0842964 0.0740294 -0.0233184 -0.0337874 -0.0219705 -0.0305638 -0.1985571 -0.2052324 0.0194698 -0.2092477 -0.0632680 0.0257729 0.0363340 -0.1986778 -0.0574673 0.0220329 0.0625149 0.0937547 0.0472732 -0.0941598 -0.0741483 0.0387639 -0.0324745 0.0599491 0.0589986 -0.1215014 0.0626368 0.0822873 0.0812903 0.0864052 0.0761925 0.0639686 0.0299774 -0.1983903 0.0334310 -0.1360591 -0.0188458 0.0612095 -0.1914877 -0.0378321 -0.1074773 0.0733535 -0.0473604 0.0172635 -0.0588116 -0.0021462 0.0857845 -0.1927507 0.0603673 0.0629163 0.0835011 0.0719585 -0.0523165 -0.0172582 0.0869996 0.0797552 0.0784661 0.0196175 -0.1614582 -0.0054300 0.0892937 0.0833964 -0.1976634 -0.0403425 0.0750535 0.0651488 -0.0285530 -0.0477559 0.0588285 -0.0014922 -0.0313269 0.0702888 0.0624346 -0.2038665 -0.1303914 0.0343243 -0.1974979 0.0669699
0.0722074 0.0768725 0.0110968 0.1523328 0.2624521 0.1303622 -0.1283875 0.0361535 -0.1064660 -0.0429219 0.2590441 -0.1220965 -0.0934576 -0.1176690 -0.1120938 -0.0255176 -0.1141661 -0.1209878 0.0662507 -0.0678326 0.0083862 0.2649675 0.0044863 -0.1230714 1.1220227 -0.0642455 0.0539211 -0.0541715 0.1062334 0.1178007 -0.1198007 -0.0143702 0.1690663 -0.1092711 0.0548863 -0.0650862 -0.0741098 -0.0501010 -0.1079574 -0.0142296 0.0737661 0.1725374 -0.0350381 -0.0732195 -0.0935930 0.1315351 0.1538879 0.1151753 0.2449399 -0.0072045 -0.1042210 0.2549083 -0.0686660 -0.0699799 -0.1211317 -0.1094356 0.0293999 0.0377653 0.0235686 0.0302921 0.2587557 0.2689956 -0.0315718 0.2740933 0.0779781 -0.0387053 -0.0567359 0.2583418 0.0729751 -0.0385309 -0.0848474 -0.1313606 -0.0693147 0.1183544 0.0933294 -0.0531339 0.0352912 -0.0861400 -0.0835868 0.1577437 -0.0841858 -0.1192290 -0.1131428 -0.1231987 -0.1083541 -0.0905271 -0.0442644 0.2626624 -0.0501516 0.1766640 0.0209847 -0.0838972 0.2536275 0.0472656 0.1382738 -0.1107713 0.0605632 -0.0261890 0.0752092 0.0022760 -0.1232928 0.2478433 -0.0870517 -0.0902259 -0.1172449 -0.0992672 0.0656782 0.0192508 -0.1232758 -0.1091771 -0.1033205 -0.0273314 0.2105962 0.0006930 -0.1213252 -0.1144620 0.2595178 0.0477435 -0.1047200 -0.0897356 0.0356043 0.0622107 -0.0822383 -0.0041889 0.0376650 -0.1005241 -0.0923232 0.2675717 0.1704950 -0.0510152 0.2611721 -0.0951113
-0.0302192 -0.0332373 -0.0071825 -0.0613397 -0.1054281 -0.0539230 0.0459590 -0.0161563 0.0394601 0.0147935 -0.1028550 0.0447080 0.0321766 0.0445639 0.0438967 0.0075192 0.0415157 0.0471214 -0.0283691 0.0260941 -0.0045846 -0.1067596 -0.0060835 0.0453113 -0.0642455 1.0150051 -0.0202269 0.0191782 -0.0428186 -0.0480537 0.0459974 0.0019766 -0.0692493 0.0394491 -0.0222747 0.0227943 0.0293943 0.0174695 0.0399581 0.0017195 -0.0320007 -0.0670145 0.0106360 0.0236771 0.0311627 -0.0533630 -0.0617632 -0.0484067 -0.0982750 0.0026745 0.0396998 -0.1036809 0.0283403 0.0246725 0.0472297 0.0389590 -0.0139221 -0.0184616 -0.0093326 -0.0136123 -0.1058574 -0.1076640 0.0074764 -0.1118786 -0.0331666 0.0114560 0.0174077 -0.1040899 -0.0318035 0.0115432 0.0315359 0.0466142 0.0247559 -0.0500046 -0.0385486 0.0190160 -0.0166632 0.0337883 0.0294441 -0.0628374 0.0311490 0.0420926 0.0412341 0.0433045 0.0404180 0.0346203 0.0146304 -0.1030269 0.0183138 -0.0691043 -0.0094460 0.0311777 -0.1005821 -0.0198991 -0.0533422 0.0383283 -0.0252667 0.0077459 -0.0305046 -0.0038470 0.0446109 -0.1004881 0.0314559 0.0315253 0.0417214 0.0321121 -0.0270103 -0.0121606 0.0452223 0.0415102 0.0375684 0.0083267 -0.0823826 -0.0016942 0.0441673 0.0419187 -0.1050042 -0.0203407 0.0408560 0.0374426 -0.0174935 -0.0256908 0.0307105 -0.0020920 -0.0157944 0.0366074 0.0340204 -0.1088073 -0.0686734 0.0139387 -0.1044393 0.0310990
0.0238475 0.0229172 0.0056111 0.0486463 0.0825738 0.0431843 -0.0430744 0.0127508 -0.0385298 -0.0181279 0.0822780 -0.0435490 -0.0306990 -0.0404418 -0.0376151 -0.0093529 -0.0384354 -0.0414092 0.0223917 -0.0201297 0.0057035 0.0845917 0.0013269 -0.0435432 0.0539211 -0.0202269 1.0223982 -0.0181374 0.0346362 0.0391629 -0.0392895 -0.0043231 0.0555569 -0.0353351 0.0183619 -0.0223969 -0.0263285 -0.0152890 -0.0379433 -0.0045629 0.0260473 0.0553514 -0.0120542 -0.0250257 -0.0316325 0.0442069 0.0503670 0.0368882 0.0805070 -0.0038520 -0.0348058 0.0822920 -0.0234915 -0.0234479 -0.0396538 -0.0346115 0.0065927 0.0130319 0.0073445 0.0107026 0.0852024 0.0867080 -0.0140830 0.0869291 0.0276243 -0.0143004 -0.0199955 0.0852422 0.0242531 -0.0141291 -0.0293390 -0.0440986 -0.0238378 0.0364462 0.0283516 -0.0163091 0.0113324 -0.0286729 -0.0277613 0.0508318 -0.0311393 -0.0388889 -0.0402527 -0.0414402 -0.0386357 -0.0304990 -0.0171302 0.0854175 -0.0161222 0.0571400 0.0052299 -0.0281963 0.0787688 0.0163287 0.0424860 -0.0352744 0.0195521 -0.0096527 0.0242981 0.0010487 -0.0416019 0.0812657 -0.0286407 -0.0322611 -0.0391243 -0.0327865 0.0212829 0.0062744 -0.0436855 -0.0363921 -0.0363543 -0.0082412 0.0668277 0.0013245 -0.0392826 -0.0389013 0.0843972 0.0163981 -0.0354934 -0.0320597 0.0122418 0.0206966 -0.0286484 0.0001234 0.0119828 -0.0324807 -0.0323327 0.0875800 0.0541146 -0.0185056 0.0842404 -0.0321739
-0.0261800 -0.0265725 -0.0079365 -0.0506786 -0.0870449 -0.0427283 0.0395653 -0.0124750 0.0324001 0.0121929 -0.0879230 0.0374050 0.0283124 0.0318401 0.0366517 0.0077173 0.0340538 0.0356269 -0.0242765 0.0229083 -0.0057396 -0.0878979 -0.0019299 0.0381019 -0.0541715 0.0191782 -0.0181374 1.0123237 -0.0360977 -0.0401365 0.0355790 0.0039782 -0.0575598 0.0365287 -0.0189602 0.0198046 0.0221124 0.0131883 0.0355851 0.0032263 -0.0248983 -0.0575499 0.0117212 0.0208376 0.0273284 -0.0437741 -0.0516968 -0.0379885 -0.0807296 0.0006271 0.0292113 -0.0793326 0.0186363 0.0160159 0.0334880 0.0310782 -0.0101355 -0.0137095 -0.0104598 -0.0114326 -0.0858289 -0.0883308 0.0061023 -0.0912193 -0.0296804 0.0108920 0.0179545 -0.0860210 -0.0238058 0.0108279 0.0268766 0.0405288 0.0211104 -0.0430744 -0.0314722 0.0143833 -0.0166589 0.0228111 0.0242996 -0.0517414 0.0257825 0.0346694 0.0340266 0.0351878 0.0330911 0.0275955 0.0127512 -0.0850230 0.0174704 -0.0595179 -0.0086924 0.0213513 -0.0824547 -0.0172067 -0.0486794 0.0314263 -0.0207060 0.0062361 -0.0254028 -0.0027984 0.0349378 -0.0823788 0.0255150 0.0229111 0.0319267 0.0285624 -0.0231331 -0.0103701 0.0397097 0.0291939 0.0329887 0.0078206 -0.0711924 -0.0030770 0.0348944 0.0349480 -0.0836998 -0.0174353 0.0310377 0.0244571 -0.0143062 -0.0199335 0.0226083 -0.0001948 -0.0153608 0.0263322 0.0267320 -0.0887711 -0.0586773 0.0118268 -0.0849924 0.0250703
