1.0060186 0.0004014 -0.0003722 -0.0007234 -0.0023015 0.0002974 -0.0001372 0.0010654 -0.0020697 -0.0012095 -0.0013107 -0.0015865 -0.0036449 -0.0022714 -0.0015076 -0.0024627 -0.0036719 -0.0026589 0.0007738 -0.0019761 0.0004161 -0.0005520 -0.0025130 -0.0020624 -0.0023684 -0.0011298 -0.0006100 -0.0022864 0.0005213 0.0192070 -0.0030102 0.0005379 -0.0013360 -0.0024976 0.0014696 -0.0011122 -0.0025258 -0.0015864 -0.0044753 -0.0008571 0.0010353 -0.0003418 -0.0024851 -0.0018949 -0.0009705 -0.0010091 -0.0010860 0.0009243 -0.0007189 0.0005603 -0.0045510 -0.0031267 -0.0027599 -0.0025161 -0.0041078 -0.0007272 -0.0032751 0.0003180 -0.0009515 -0.0023030 0.0013646 -0.0028151 -0.0010362 -0.0016267 0.0013433 0.0001196 -0.0014617 -0.0003592 0.0002322 -0.0024818 -0.0021010 -0.0008135 -0.0027358 -0.0043211 -0.0028737 -0.0025902 -0.0005592 -0.0001615 0.0001488 -0.0004241 -0.0004467 -0.0021357 -0.0020227 -0.0026789 -0.0011978 -0.0012068 -0.0007931 -0.0008678 -0.0022501 -0.0021583 0.0007186 -0.0019557 -0.0026032 0.0005502 0.0001495 -0.0022029 -0.0001988 -0.0024973 -0.0003385 0.0000679 -0.0017524 -0.0029417 -0.0032155 -0.0030859 -0.0004867 -0.0019247 -0.0000702 0.0013451 -0.0006863 -0.0009403 -0.0013768 -0.0005094 -0.0010975 0.0012618 -0.0027810 -0.0030416 -0.0009078 0.0007631 -0.0026741 -0.0012254 0.0013159 -0.0023342 -0.0023424 0.0010155 -0.0010116 -0.0032919 0.0001482 -0.0023142 -0.0026487 -0.0017196 -0.0009224 -0.0004802
0.0004014 1.0108026 0.0002877 -0.0033359 -0.0038142 0.0005513 -0.0047675 -0.0001529 -0.0009466 -0.0014698 -0.0060951 -0.0037142 -0.0018959 -0.0023570 -0.0011875 -0.0042778 -0.0017558 -0.0029063 0.0006478 -0.0011854 -0.0004156 -0.0020828 -0.0014298 -0.0041491 -0.0002989 -0.0031712 -0.0023974 -0.0018561 0.0017298 -0.0008516 -0.0037714 0.0003523 0.0013216 0.0007375 0.0024778 0.0006326 -0.0026182 -0.0009464 -0.0028544 -0.0021197 0.0001457 -0.0009972 -0.0036420 -0.0005833 -0.0058944 0.0006944 -0.0018747 0.0006094 -0.0027542 0.0016688 -0.0033506 -0.0029317 -0.0018436 -0.0042169 -0.0021958 -0.0029600 -0.0007747 -0.0018830 -0.0006050 -0.0009629 -0.0007821 -0.0035933 -0.0049270 -0.0014258 -0.0011594 -0.0009813 -0.0009656 -0.0010949 0.0011575 -0.0022628 -0.0021250 -0.0052701 -0.0021796 -0.0020152 -0.0041093 -0.0047107 -0.0009646 -0.0006953 -0.0022423 -0.0017099 -0.0032850 -0.0040911 -0.0016870 -0.0037246 -0.0006394 -0.0041471 -0.0012738 0.0001634 -0.0042957 -0.0013015 0.0000733 -0.0025572 -0.0019257 -0.0002823 -0.0004344 -0.0015403 0.0004302 -0.0024168 -0.0009143 -0.0001783 -0.0026133 -0.0026522 -0.0028636 -0.0010272 -0.0025551 -0.0017601 -0.0006294 0.0030754 -0.0005255 -0.0005030 0.0000321 -0.0007075 -0.0008450 0.0019561 -0.0023248 -0.0011061 -0.0009993 0.0006738 -0.0010033 -0.0017209 -0.0006162 0.0008162 0.0001591 -0.0007329 -0.0001268 -0.0003326 -0.0013933 -0.0023175 -0.0031110 -0.0011712 -0.0012711 -0.0019609
-0.0003722 0.0002877 1.0060133 -0.0029365 -0.0045981 0.0012763 -0.0026695 0.0003993 -0.0028547 0.0008071 -0.0014618 -0.0018676 -0.0032066 -0.0012287 -0.0005476 -0.0032907 -0.0012278 -0.0023384 0.0008856 -0.0024725 -0.0007563 -0.0015426 -0.0016711 -0.0021564 -0.0019307 -0.0021276 0.0013578 -0.0037726 -0.0005462 -0.0000401 -0.0028576 0.0020988 -0.0010762 -0.0011287 0.0006879 -0.0025571 -0.0001505 -0.0010068 -0.0033447 -0.0020747 -0.0011797 -0.0018896 -0.0011144 -0.0014033 -0.0028897 -0.0014784 -0.0026393 -0.0004434 -0.0024320 -0.0003849 -0.0028121 -0.0015502 -0.0007619 -0.0007149 -0.0002664 0.0001383 -0.0024061 -0.0009310 0.0008924 -0.0015806 -0.0019158 -0.0034851 0.0003877 -0.0023681 0.0008567 0.0004941 -0.0024901 0.0006633 -0.0003091 0.0004644 -0.0008649 -0.0031608 -0.0017768 -0.0013252 -0.0012321 -0.0029002 0.0003746 -0.0011474 -0.0016531 -0.0003924 -0.0007324 -0.0026086 -0.0014225 -0.0021850 -0.0014147 -0.0015973 -0.0013902 -0.0017992 -0.0014129 0.0006087 0.0013161 -0.0026746 -0.0025438 0.0005636 0.0005320 -0.0015785 -0.0004423 -0.0020532 -0.0009810 0.0007444 -0.0017047 -0.0032269 -0.0005684 -0.0035914 -0.0016890 -0.0004636 -0.0003839 0.0000702 -0.0008814 -0.0023284 -0.0034651 -0.0009333 -0.0030780 -0.0006019 -0.0016832 -0.0015025 0.0000547 0.0007395 -0.0040124 -0.0015756 -0.0011736 -0.0002219 -0.0007394 -0.0008242 0.0001060 -0.0018554 -0.0017410 -0.0024815 -0.0028872 -0.0028540 -0.0019443 0.0006133
-0.0007234 -0.0033359 -0.0029365 1.0134230 0.0006372 -0.0036906 -0.0037751 -0.0017089 -0.0012567 -0.0032958 0.0062874 -0.0044441 -0.0026114 -0.0021350 -0.0019051 -0.0008053 -0.0033423 0.0002761 -0.0012116 -0.0016736 -0.0021021 -0.0009630 0.0008256 -0.0040941 -0.0020588 -0.0012839 -0.0019802 -0.0012880 -0.0046200 -0.0013655 -0.0001703 -0.0010182 -0.0020246 -0.0007564 -0.0024448 -0.0031034 -0.0002882 -0.0019264 -0.0012864 -0.0027764 -0.0030764 -0.0046140 -0.0035302 -0.0017385 0.0004828 0.0006652 -0.0002057 -0.0019698 0.0016691 -0.0045686 -0.0011734 -0.0001656 -0.0038916 -0.0010301 -0.0063535 -0.0015812 -0.0048294 -0.0031905 -0.0015888 -0.0036634 -0.0014805 0.0027783 0.0008668 -0.0017059 -0.0024755 -0.0033239 -0.0022465 -0.0014701 -0.0016576 -0.0038368 -0.0018504 -0.0037725 -0.0008701 -0.0008480 -0.0015409 -0.0011062 -0.0008420 -0.0031005 -0.0023146 -0.0039323 -0.0034326 -0.0017221 -0.0012985 -0.0040978 -0.0021670 -0.0033593 -0.0029663 -0.0008685 -0.0008552 -0.0033463 -0.0012325 -0.0014351 -0.0030343 -0.0015351 -0.0036107 -0.0037221 -0.0020898 -0.0006047 -0.0035553 -0.0021656 -0.0005826 -0.0018754 -0.0000444 -0.0013477 0.0015984 -0.0049756 -0.0011312 -0.0017867 -0.0003102 -0.0021284 -0.0017719 -0.0022104 -0.0009382 -0.0051779 -0.0009425 -0.0020642 0.0047357 -0.0044227 -0.0023128 -0.0002692 -0.0029602 -0.0012322 -0.0016248 -0.0019819 -0.0012252 -0.0038413 -0.0024944 -0.0011669 -0.0016389 -0.0027769 -0.0031866 -0.0019703
-0.0023015 -0.0038142 -0.0045981 0.0006372 1.0195054 -0.0037103 -0.0048397 -0.0017856 -0.0032338 -0.0025327 0.0058085 -0.0020600 -0.0040211 -0.0013539 -0.0026806 -0.0039340 -0.0043594 -0.0074296 -0.0030365 -0.0029133 -0.0017944 0.0085578 -0.0024852 -0.0035608 0.0002787 -0.0034920 -0.0035920 -0.0031495 -0.0035295 -0.0008312 -0.0037924 -0.0034602 0.0001555 -0.0025067 -0.0053709 -0.0030920 -0.0040814 -0.0048136 -0.0028182 -0.0005333 -0.0020437 -0.0033584 -0.0027166 -0.0026918 -0.0023297 -0.0007052 0.0002579 -0.0034221 0.0041221 -0.0028005 -0.0047010 0.0046640 -0.0041404 -0.0011386 -0.0032441 -0.0032606 -0.0021464 -0.0032116 -0.0040119 -0.0060632 0.0032375 0.0129990 -0.0041235 0.0129117 -0.0027737 -0.0047879 -0.0010640 -0.0009282 -0.0024630 -0.0001003 -0.0007948 -0.0054056 -0.0019409 -0.0003741 -0.0001086 -0.0012020 -0.0018948 -0.0011892 -0.0007881 -0.0004313 -0.0019839 -0.0016673 -0.0037578 -0.0039120 -0.0027414 -0.0023088 -0.0022060 0.0051517 -0.0032144 0.0010158 -0.0013573 -0.0014405 0.0063530 -0.0028264 -0.0037425 -0.0052610 -0.0048917 -0.0030503 -0.0013360 -0.0039932 -0.0004583 0.0037873 -0.0027956 -0.0026855 -0.0048124 0.0005044 -0.0021052 -0.0040339 -0.0033706 -0.0049797 -0.0040332 -0.0022376 0.0011564 -0.0026383 -0.0050733 -0.0059022 0.0053274 -0.0032210 -0.0020058 -0.0024041 -0.0035535 -0.0021047 -0.0060302 -0.0045430 -0.0031012 -0.0033716 -0.0048659 0.0112842 -0.0036701 -0.0021557 0.0036580 -0.0037004
0.0002974 0.0005513 0.0012763 -0.0036906 -0.0037103 1.0119168 -0.0023865 0.0002891 -0.0025609 -0.0022419 -0.0030012 -0.0026120 0.0001717 -0.0028021 -0.0018986 -0.0030417 -0.0030761 -0.0008346 -0.0000539 -0.0028577 0.0005540 0.0001842 -0.0011892 -0.0026953 -0.0009313 -0.0027690 0.0000862 -0.0006744 -0.0011454 0.0006529 -0.0047211 -0.0002123 0.0023378 -0.0007478 -0.0010742 -0.0030354 -0.0011142 -0.0001853 -0.0026828 -0.0004994 -0.0002309 0.0000677 -0.0018014 -0.0016861 -0.0024217 -0.0021862 -0.0031400 -0.0004965 -0.0024938 -0.0013869 -0.0019993 -0.0008092 -0.0010351 -0.0032767 -0.0028583 -0.0020941 -0.0032845 0.0009261 -0.0002681 -0.0001351 0.0001968 -0.0036384 -0.0033748 -0.0010112 -0.0001078 -0.0008506 -0.0010258 -0.0000316 0.0003803 -0.0027013 -0.0028868 -0.0026607 -0.0041027 -0.0019511 0.0127262 -0.0014360 -0.0004521 -0.0001541 -0.0032490 0.0002743 -0.0039839 -0.0004205 -0.0035585 -0.0027927 -0.0040109 -0.0007317 -0.0033009 -0.0006687 -0.0029575 -0.0013492 0.0018089 -0.0025459 -0.0034378 -0.0012186 -0.0002221 -0.0018514 0.0014535 -0.0014140 -0.0007222 0.0001366 -0.0029116 -0.0010633 -0.0013647 -0.0007671 -0.0026532 -0.0010775 -0.0019190 0.0013055 -0.0014719 -0.0019186 -0.0019980 -0.0014393 -0.0047609 -0.0002633 -0.0028303 -0.0023967 -0.0019131 -0.0005351 -0.0033221 -0.0037226 -0.0006467 -0.0006209 -0.0025864 -0.0012298 -0.0005635 -0.0028791 -0.0034479 0.0000328 -0.0025064 -0.0030670 -0.0014845 -0.0009494
-0.0001372 -0.0047675 -0.0026695 -0.0037751 -0.0048397 -0.0023865 1.0161788 -0.0019843 -0.0043859 -0.0036604 -0.0026351 -0.0018085 -0.0035587 -0.0023663 -0.0027950 -0.0008813 -0.0023179 -0.0012097 -0.0030453 -0.0022688 -0.0008740 -0.0029309 -0.0056571 -0.0026643 -0.0033904 -0.0027655 -0.0019487 -0.0005323 -0.0029955 -0.0015555 -0.0042928 -0.0004124 -0.0033281 0.0011144 -0.0038063 -0.0049265 -0.0003887 0.0008749 -0.0015713 -0.0013269 -0.0006051 -0.0008447 -0.0027232 -0.0009796 -0.0025930 -0.0012492 -0.0035582 -0.0016701 0.0001703 -0.0006229 -0.0027746 -0.0033679 -0.0049255 -0.0033612 -0.0027708 -0.0044064 -0.0012161 -0.0007441 -0.0037148 -0.0026028 -0.0036244 -0.0063228 -0.0032384 -0.0080590 -0.0029947 -0.0021881 -0.0019284 -0.0041954 -0.0049134 0.0002323 0.0000673 0.1034292 -0.0022933 -0.0024387 -0.0006693 0.0001323 -0.0024770 -0.0040882 0.0007446 -0.0024577 -0.0032716 -0.0018132 -0.0020238 -0.0033638 -0.0033422 -0.0013075 -0.0017332 -0.0031807 -0.0005743 -0.0030389 -0.0039838 -0.0033450 -0.0029293 -0.0026892 -0.0032444 -0.0020763 -0.0024046 -0.0015468 -0.0009360 -0.0033050 -0.0040001 -0.0040113 -0.0026710 -0.0027475 -0.0038017 -0.0012485 -0.0014905 -0.0022748 -0.0013243 -0.0004092 -0.0012084 0.0002730 -0.0008249 -0.0024735 -0.0045470 -0.0005826 -0.0039230 -0.0023031 -0.0008587 -0.0035310 -0.0016836 -0.0029788 -0.0046127 -0.0027767 -0.0006781 -0.0031304 -0.0026134 -0.0058920 -0.0065309 -0.0033591 -0.0040280 -0.0056063
0.0010654 -0.0001529 0.0003993 -0.0017089 -0.0017856 0.0002891 -0.0019843 0.9981966 -0.0017853 -0.0013139 -0.0029016 -0.0008600 -0.0015515 -0.0029432 -0.0018720 -0.0011473 -0.0001169 -0.0029069 -0.0004238 -0.0014479 -0.0007755 -0.0011621 -0.0011568 -0.0012073 0.0010262 -0.0024441 0.0012598 -0.0012218 -0.0007078 0.0019670 -0.0033779 0.0019985 -0.0007777 -0.0030025 0.0000107 -0.0016961 -0.0016282 0.0002490 -0.0032910 0.0016262 0.0001596 -0.0006541 -0.0023848 -0.0016226 -0.0025194 0.0007579 -0.0027836 0.0011725 -0.0037190 -0.0000293 -0.0013330 -0.0023771 0.0017678 -0.0024359 -0.0014043 -0.0010039 -0.0017844 0.0006727 -0.0003255 -0.0018584 -0.0008739 -0.0028371 -0.0019850 -0.0024007 0.0013854 -0.0016179 -0.0013610 -0.0001294 0.0012777 -0.0005884 -0.0003601 -0.0025722 -0.0007704 -0.0025321 -0.0028233 -0.0006755 0.0023192 -0.0011470 -0.0021383 0.0008138 -0.0013645 -0.0019520 -0.0012650 -0.0032061 -0.0031299 -0.0015135 -0.0001857 0.0001901 -0.0000039 -0.0027649 -0.0004627 -0.0010712 -0.0014528 0.0002605 0.0010931 -0.0011344 0.0007096 -0.0005152 0.0009370 0.0000342 -0.0046517 -0.0025137 -0.0010159 -0.0003020 -0.0026688 -0.0002503 0.0005282 0.0002779 -0.0030256 -0.0015616 -0.0023553 0.0013282 -0.0022075 -0.0006311 -0.0008281 -0.0019226 -0.0004772 -0.0018665 -0.0022594 0.0002664 0.0026512 -0.0002201 -0.0008416 -0.0004051 0.0010399 -0.0010714 -0.0006878 -0.0025024 -0.0017583 -0.0027234 -0.0016170 -0.0017080
-0.0020697 -0.0009466 -0.0028547 -0.0012567 -0.0032338 -0.0025609 -0.0043859 -0.0017853 1.0122930 -0.0027625 -0.0043890 -0.0018248 -0.0051176 -0.0018174 -0.0014545 0.0003874 -0.0006700 -0.0006253 -0.0019370 -0.0007971 -0.0014111 -0.0038058 0.0010785 -0.0015660 -0.0021078 -0.0012810 -0.0043039 -0.0010673 -0.0001652 -0.0017052 -0.0001326 -0.0011705 -0.0031805 -0.0005943 -0.0026224 -0.0023596 0.0004921 -0.0030193 -0.0013510 -0.0036173 -0.0015918 0.0003864 -0.0004700 -0.0020248 -0.0024489 -0.0028563 0.0002089 -0.0009804 -0.0045265 -0.0002153 -0.0011344 0.0009705 -0.0006604 -0.0018123 0.0003853 0.0015169 0.0001018 -0.0023078 -0.0018964 -0.0043737 -0.0044644 -0.0049487 -0.0036079 -0.0043291 -0.0016333 -0.0005196 -0.0012901 -0.0036209 -0.0013273 0.0005194 -0.0013767 -0.0042021 -0.0006938 -0.0026507 -0.0016950 -0.0003971 -0.0027567 -0.0002729 -0.0010880 -0.0020072 -0.0008300 -0.0012878 -0.0002587 -0.0001648 -0.0013367 -0.0022739 -0.0004887 -0.0032777 -0.0022192 -0.0024905 0.0007969 -0.0045485 -0.0040327 -0.0022037 0.0008002 -0.0030657 -0.0016632 0.0004737 -0.0008994 -0.0012636 -0.0039683 -0.0024946 -0.0004555 -0.0018749 0.0018644 -0.0020577 -0.0009261 0.0008629 -0.0012869 -0.0040688 -0.0009019 -0.0023487 -0.0063108 -0.0000171 -0.0010077 -0.0026268 -0.0044646 -0.0026579 -0.0016414 -0.0020043 -0.0015037 -0.0006781 -0.0028010 -0.0005507 -0.0016189 -0.0008676 -0.0011685 -0.0043118 -0.0003878 -0.0037815 -0.0029907 -0.0046232
-0.0012095 -0.0014698 0.0008071 -0.0032958 -0.0025327 -0.0022419 -0.0036604 -0.0013139 -0.0027625 1.0086372 -0.0011927 -0.0010747 -0.0036048 0.0006277 -0.0039498 -0.0037886 -0.0023452 -0.0012471 -0.0040543 -0.0011417 -0.0028157 -0.0033597 -0.0011832 -0.0014587 -0.0001657 -0.0018955 -0.0041028 -0.0015278 -0.0006306 -0.0024035 -0.0010341 -0.0025022 -0.0027378 -0.0022360 -0.0005331 -0.0011330 -0.0011879 -0.0026063 0.0007263 -0.0014473 -0.0029401 -0.0031454 -0.0031622 0.0016615 -0.0004007 -0.0026094 -0.0024819 -0.0025074 -0.0026130 -0.0006929 -0.0020119 -0.0057771 -0.0024801 -0.0048463 -0.0006022 -0.0020122 -0.0004251 -0.0006585 -0.0027558 -0.0015247 -0.0033746 -0.0049973 0.0005207 -0.0006584 -0.0034102 -0.0032109 -0.0013889 -0.0019724 -0.0009175 0.0007427 -0.0004522 -0.0037672 -0.0007376 -0.0011311 -0.0022879 -0.0015000 -0.0029876 -0.0014724 -0.0014724 -0.0015186 0.0003836 -0.0021997 -0.0019594 -0.0030731 -0.0008636 -0.0002724 -0.0017823 -0.0036891 0.0005671 -0.0014025 -0.0015175 0.0011147 -0.0005052 -0.0021027 -0.0015214 -0.0035285 -0.0009862 -0.0031450 -0.0004997 -0.0012617 -0.0016685 -0.0012643 -0.0015044 -0.0002293 -0.0026927 -0.0013203 -0.0019952 -0.0021267 -0.0003663 -0.0020488 -0.0020618 -0.0024406 -0.0001051 -0.0008205 0.0000532 -0.0006429 -0.0032787 0.0009978 -0.0008394 0.0012021 -0.0016830 0.0001604 0.0020249 -0.0004531 -0.0008421 -0.0023778 0.0001532 -0.0023269 0.0001038 -0.0032406 -0.0021358 -0.0010993
-0.0013107 -0.0060951 -0.0014618 0.0062874 0.0058085 -0.0030012 -0.0026351 -0.0029016 -0.0043890 -0.0011927 1.0156511 -0.0034102 -0.0024751 -0.0018186 -0.0045288 0.0004856 -0.0036331 -0.0045589 -0.0026312 -0.0056403 -0.0038627 0.0044687 -0.0036495 -0.0039264 0.0005214 -0.0022305 -0.0025909 -0.0052522 -0.0025344 -0.0021983 -0.0050175 -0.0043945 -0.0020612 -0.0032060 -0.0031615 -0.0018139 -0.0004478 -0.0003698 -0.0035376 0.0013191 -0.0025966 0.0009056 -0.0030565 -0.0011915 -0.0004843 -0.0035097 -0.0011343 -0.0008309 0.0026929 -0.0027127 -0.0032784 0.0036846 -0.0028957 -0.0041660 -0.0042466 -0.0017238 -0.0007738 -0.0021182 -0.0020243 -0.0008087 0.0008872 0.0141483 -0.0017460 0.0111450 -0.0026792 -0.0041956 -0.0034628 -0.0012383 -0.0002588 0.0001976 -0.0021073 -0.0028487 -0.0021272 -0.0011376 -0.0011586 -0.0015667 -0.0023227 -0.0034291 -0.0025502 -0.0026390 -0.0041978 -0.0017870 -0.0058995 -0.0042354 -0.0033833 -0.0037236 -0.0039112 0.0008664 -0.0018632 -0.0007825 -0.0035975 -0.0034226 0.0008847 -0.0015723 -0.0038267 -0.0047652 -0.0042797 -0.0021150 -0.0047388 -0.0042917 -0.0017806 0.0007588 -0.0014261 -0.0028880 -0.0055939 -0.0016395 -0.0011039 -0.0005828 -0.0029068 -0.0011218 -0.0056167 -0.0021510 -0.0011156 -0.0037275 -0.0020973 -0.0026710 0.0090304 -0.0040917 -0.0035335 -0.0018761 -0.0020502 -0.0030923 -0.0044826 -0.0025249 -0.0005491 -0.0004290 -0.0042673 0.0119203 -0.0029347 -0.0026682 0.0035225 -0.0044335
-0.0015865 -0.0037142 -0.0018676 -0.0044441 -0.0020600 -0.0026120 -0.0018085 -0.0008600 -0.0018248 -0.0010747 -0.0034102 1.0062348 -0.0013462 -0.0001373 -0.0023959 -0.0053305 -0.0023404 -0.0033221 -0.0030320 -0.0016746 -0.0009963 -0.0028622 -0.0035153 0.1004022 -0.0006869 -0.0026520 -0.0036328 -0.0014668 -0.0023037 -0.0013236 -0.0036273 -0.0025075 -0.0041310 -0.0009194 -0.0027132 -0.0026798 -0.0034527 -0.0032956 0.0001719 -0.0034836 -0.0042369 -0.0032962 -0.0034268 -0.0020366 -0.0007994 -0.0035974 -0.0015611 -0.0027809 0.0006036 -0.0043047 -0.0003686 -0.0040589 -0.0027758 -0.0027640 -0.0041782 -0.0047671 -0.0025507 -0.0031739 -0.0034943 -0.0066064 -0.0042183 -0.0045727 -0.0042371 -0.0038719 -0.0042997 -0.0028131 -0.0032118 -0.0041563 -0.0033495 -0.0045886 -0.0002520 -0.0024267 -0.0030735 -0.0029355 -0.0021838 -0.0012887 -0.0040859 -0.0027282 -0.0019463 -0.0029674 -0.0018646 -0.0041822 -0.0018349 -0.0039509 -0.0046268 -0.0034683 -0.0021949 -0.0014223 -0.0027878 -0.0039974 -0.0031711 -0.0000971 -0.0021036 -0.0020881 -0.0041237 -0.0066147 -0.0018925 -0.0010967 -0.0033583 -0.0003575 -0.0043987 -0.0052785 -0.0013019 -0.0005263 -0.0017294 0.0013580 -0.0023868 -0.0009467 -0.0011894 -0.0001562 -0.0012430 -0.0007880 -0.0034779 -0.0036567 -0.0003435 -0.0019318 -0.0040756 -0.0037599 -0.0015582 -0.0011068 -0.0015134 -0.0011492 -0.0019186 -0.0043846 -0.0013642 -0.0046333 -0.0054504 -0.0020692 -0.0008056 -0.0005829 -0.0026465 -0.0012385
-0.0036449 -0.0018959 -0.0032066 -0.0026114 -0.0040211 0.0001717 -0.0035587 -0.0015515 -0.0051176 -0.0036048 -0.0024751 -0.0013462 1.0153388 -0.0038244 -0.0019256 -0.0014803 -0.0032249 -0.0011702 -0.0031110 0.0014708 -0.0008885 -0.0036064 -0.0004602 -0.0003288 -0.0029508 -0.0031410 -0.0009659 -0.0007328 -0.0035286 -0.0032005 -0.0009853 -0.0017835 0.0001278 0.0016337 -0.0015651 -0.0011021 -0.0053068 0.0000808 -0.0030624 -0.0012142 -0.0006659 -0.0025546 -0.0019848 -0.0019734 -0.0010366 -0.0018595 -0.0015028 -0.0012626 -0.0047070 -0.0022488 -0.0016667 -0.0041440 -0.0011724 0.0011469 -0.0012602 -0.0015534 -0.0031835 -0.0011802 -0.0030798 -0.0030490 -0.0031426 -0.0031180 -0.0013826 -0.0035154 -0.0023608 -0.0017125 -0.0013410 -0.0018406 -0.0028951 -0.0029252 -0.0049115 -0.0036110 -0.0032572 0.0000363 -0.0041132 -0.0013713 -0.0022144 -0.0010475 -0.0001612 -0.0014272 -0.0015309 -0.0007647 0.0004338 -0.0031870 -0.0012535 -0.0044030 -0.0016188 -0.0059212 -0.0018138 -0.0002876 -0.0030812 -0.0027359 0.0003405 -0.0006754 -0.0013892 -0.0066208 -0.0009755 -0.0015925 -0.0018483 -0.0038083 -0.0035244 -0.0044061 -0.0021765 -0.0023491 0.0014073 -0.0027585 -0.0019908 -0.0007271 -0.0019349 -0.0004797 0.0020560 -0.0000883 -0.0026995 -0.0016664 -0.0013799 -0.0032588 -0.0030415 -0.0030796 -0.0021648 -0.0005789 -0.0015413 -0.0049470 -0.0001852 -0.0048441 -0.0017015 -0.0023457 -0.0010713 -0.0031702 -0.0046401 -0.0020835 -0.0022126 -0.0021117
-0.0022714 -0.0023570 -0.0012287 -0.0021350 -0.0013539 -0.0028021 -0.0023663 -0.0029432 -0.0018174 0.0006277 -0.0018186 -0.0001373 -0.0038244 1.0122672 -0.0016745 -0.0065843 -0.0049796 -0.0012741 -0.0032033 -0.0025589 0.0007750 -0.0019813 -0.0000352 0.0008252 -0.0028013 -0.0002782 -0.0026685 -0.0050256 -0.0053817 -0.0008265 -0.0003792 -0.0006466 -0.0017219 -0.0021752 -0.0021866 0.0009824 -0.0031529 -0.0055149 -0.0006477 -0.0005555 -0.0033014 -0.0041833 -0.0020377 -0.0023912 -0.0021079 -0.0018679 -0.0032130 -0.0029482 -0.0034894 -0.0001381 -0.0015106 -0.0035215 -0.0028843 -0.0029356 -0.0019976 0.0023634 -0.0040180 0.0004040 -0.0006880 -0.0010824 -0.0028487 -0.0047528 -0.0030738 -0.0052715 -0.0006980 0.0014447 -0.0015465 -0.0038225 -0.0031548 -0.0031747 -0.0012627 -0.0026039 -0.0010239 -0.0039801 -0.0021448 0.0012783 -0.0005772 -0.0009711 -0.0030276 -0.0022514 0.0013540 -0.0008056 -0.0021047 0.0036487 -0.0001128 0.0048471 0.0017021 -0.0034843 -0.0004661 -0.0067775 -0.0001164 0.0008394 -0.0041481 -0.0000333 -0.0000445 -0.0010962 -0.0025874 -0.0036186 -0.0029958 0.0026408 -0.0024473 -0.0021478 -0.0043395 -0.0015138 -0.0028817 -0.0016088 -0.0036180 -0.0017278 0.0011992 0.0028208 -0.0026068 -0.0009800 -0.0015138 -0.0027926 -0.0030358 0.0004374 -0.0024703 -0.0016637 -0.0060160 -0.0001838 -0.0037659 0.0016375 -0.0047867 -0.0011246 -0.0046021 0.0018585 -0.0026195 -0.0042900 -0.0024943 -0.0011554 -0.0039522 0.0004484
-0.0015076 -0.0011875 -0.0005476 -0.0019051 -0.0026806 -0.0018986 -0.0027950 -0.0018720 -0.0014545 -0.0039498 -0.0045288 -0.0023959 -0.0019256 -0.0016745 1.0141774 -0.0019179 -0.0026324 -0.0010567 -0.0021553 -0.0005661 -0.0020198 -0.0034868 -0.0015769 -0.0016989 -0.0029150 0.0013142 -0.0017334 0.0016547 -0.0005075 0.0002888 -0.0028278 -0.0023738 -0.0015888 -0.0006357 -0.0008334 -0.0028866 -0.0018382 -0.0032092 -0.0018028 -0.0032994 -0.0015296 -0.0031248 -0.0002064 -0.0026632 -0.0040271 -0.0013927 -0.0017878 -0.0030966 -0.0029193 -0.0022504 -0.0015605 -0.0040341 -0.0004405 -0.0016752 -0.0018640 -0.0010527 -0.0018957 -0.0006080 -0.0023577 0.0001093 -0.0036839 -0.0051146 -0.0012187 -0.0053112 -0.0032305 -0.0012248 -0.0039248 -0.0015715 -0.0042974 -0.0032217 -0.0011918 -0.0026586 -0.0037785 -0.0042728 -0.0028887 -0.0028049 -0.0031324 -0.0021932 -0.0007678 -0.0026452 0.0005887 0.0004239 -0.0014572 -0.0038308 -0.0007492 0.0005114 -0.0007273 -0.0029414 -0.0019924 -0.0011504 -0.0013542 -0.0014020 -0.0024808 -0.0018110 -0.0026762 0.0002502 0.0002011 -0.0022735 -0.0021796 -0.0022909 -0.0019462 -0.0008695 0.0001595 -0.0043491 -0.0047473 -0.0015509 -0.0026773 -0.0023073 -0.0025381 0.0002794 -0.0006286 -0.0011870 -0.0035096 -0.0039433 -0.0011882 -0.0024121 -0.0041259 -0.0020106 -0.0007954 -0.0040647 -0.0004515 -0.0006437 -0.0019968 -0.0032194 -0.0035483 0.0006745 -0.0010298 -0.0038559 -0.0015054 0.0009753 -0.0039154 -0.0003857
-0.0024627 -0.0042778 -0.0032907 -0.0008053 -0.0039340 -0.0030417 -0.0008813 -0.0011473 0.0003874 -0.0037886 0.0004856 -0.0053305 -0.0014803 -0.0065843 -0.0019179 1.0115955 -0.0030805 -0.0004966 -0.0010728 -0.0018373 -0.0007646 -0.0014692 -0.0028812 -0.0052291 -0.0021899 -0.0016041 -0.0016762 0.0002108 -0.0023850 -0.0040057 -0.0040671 -0.0023414 -0.0033655 -0.0025802 -0.0024126 -0.0009663 0.0015119 -0.0012087 -0.0025417 -0.0013494 -0.0000246 -0.0011707 -0.0022883 -0.0000406 -0.0037218 -0.0001621 -0.0009001 -0.0033489 -0.0034043 -0.0007674 -0.0023525 -0.0039030 -0.0008361 -0.0008688 -0.0042687 0.0006448 0.0010753 -0.0036051 -0.0024726 -0.0003317 -0.0012964 -0.0007332 -0.0031803 -0.0038168 -0.0014247 -0.0015907 -0.0035236 -0.0011818 -0.0034793 -0.0037606 -0.0016652 -0.0007748 -0.0024088 -0.0014068 -0.0011073 0.0002137 -0.0025716 -0.0014893 -0.0008193 -0.0022643 -0.0022064 -0.0009936 -0.0016286 -0.0002012 -0.0022212 -0.0006108 -0.0025944 -0.0038175 -0.0010723 -0.0008436 -0.0023270 -0.0012958 0.0012234 -0.0016445 -0.0020075 -0.0040699 0.0002588 -0.0013119 -0.0027508 -0.0029252 -0.0029115 -0.0037244 -0.0033999 -0.0017394 -0.0013598 -0.0016092 -0.0027759 -0.0036470 0.0008884 -0.0000936 -0.0034744 0.0001271 -0.0023146 -0.0034287 -0.0033522 0.0017152 -0.0022133 -0.0034647 -0.0006714 -0.0033507 -0.0017312 -0.0000648 -0.0005046 -0.0001639 -0.0015641 0.0002815 -0.0017248 -0.0051054 0.0012625 -0.0022046 -0.0026334 -0.0040741
-0.0036719 -0.0017558 -0.0012278 -0.0033423 -0.0043594 -0.0030761 -0.0023179 -0.0001169 -0.0006700 -0.0023452 -0.0036331 -0.0023404 -0.0032249 -0.0049796 -0.0026324 -0.0030805 1.0107466 0.0009600 0.0041154 -0.0025133 -0.0008187 -0.0044303 -0.0000926 -0.0036520 -0.0045302 -0.0012581 -0.0023933 -0.0011229 -0.0034051 -0.0046052 -0.0030824 -0.0019511 -0.0019889 0.0031270 -0.0007867 -0.0019283 -0.0013182 -0.0014053 -0.0045923 -0.0038944 -0.0018177 -0.0025188 0.0014014 -0.0018078 0.0021255 -0.0039041 -0.0042330 -0.0023815 -0.0041345 -0.0027404 -0.0000894 -0.0036953 -0.0004243 0.0033860 -0.0010931 -0.0030083 -0.0059192 -0.0008478 -0.0035156 0.0002472 -0.0035211 -0.0040836 0.0007942 -0.0055160 -0.0030230 -0.0011377 -0.0008916 -0.0047693 -0.0031905 -0.0004860 -0.0016186 -0.0024359 -0.0034790 -0.0014899 -0.0015832 -0.0023516 -0.0038675 0.0008772 -0.0017446 -0.0027162 -0.0034153 -0.0037484 -0.0020933 -0.0019748 -0.0016311 -0.0012203 -0.0030385 -0.0047556 0.0008896 -0.0018591 -0.0002125 -0.0003446 -0.0047629 -0.0021251 -0.0040611 -0.0023417 -0.0015744 -0.0017227 -0.0023920 -0.0035527 -0.0034779 -0.0027549 -0.0022458 0.0002125 -0.0008425 -0.0027856 -0.0010483 -0.0013093 -0.0016304 -0.0019965 -0.0009124 -0.0021582 -0.0017153 -0.0021583 -0.0023958 -0.0026788 -0.0026615 -0.0013472 -0.0037546 -0.0006629 -0.0003290 -0.0014807 0.0031173 0.0004064 0.0006136 -0.0003606 0.0014990 -0.0044313 0.0001630 -0.0005404 -0.0037288 -0.0032883
-0.0026589 -0.0029063 -0.0023384 0.0002761 -0.0074296 -0.0008346 -0.0012097 -0.0029069 -0.0006253 -0.0012471 -0.0045589 -0.0033221 -0.0011702 -0.0012741 -0.0010567 -0.0004966 0.0009600 1.0163321 -0.0038038 -0.0016158 -0.0024614 -0.0051590 -0.0018845 -0.0035595 -0.0023589 0.0008754 -0.0023863 -0.0024378 -0.0024702 -0.0032276 -0.0008190 -0.0019838 -0.0016732 -0.0031242 -0.0028434 -0.0026177 0.0000856 -0.0031059 -0.0020038 -0.0042018 -0.0016293 -0.0017345 -0.0009374 -0.0025016 -0.0027674 -0.0025038 -0.0015645 -0.0016905 -0.0023175 -0.0031724 -0.0023301 -0.0015635 0.0009745 -0.0033736 0.0003611 -0.0015498 -0.0016794 -0.0017858 -0.0013625 -0.0018666 -0.0050500 -0.0051540 -0.0047558 -0.0056185 -0.0024286 -0.0027810 -0.0016488 -0.0017299 0.0007113 -0.0038738 -0.0023665 -0.0010940 -0.0012741 -0.0031567 -0.0022425 -0.0011630 -0.0022268 0.0000843 0.0009011 -0.0024888 0.0005901 0.0002518 -0.0024028 -0.0007006 -0.0008343 -0.0033954 -0.0053866 -0.0017983 -0.0030294 -0.0012533 0.0005313 0.0156808 -0.0028943 -0.0012535 -0.0039066 -0.0023678 -0.0031247 -0.0038293 -0.0045279 -0.0026862 -0.0017485 -0.0028832 -0.0012547 -0.0011712 0.0008234 -0.0014788 -0.0038636 -0.0021376 -0.0036557 0.0003254 -0.0016477 -0.0006428 -0.0028361 -0.0033537 -0.0021575 -0.0012874 -0.0050112 -0.0000360 0.0017056 0.0007473 -0.0031940 -0.0039502 -0.0014528 -0.0009507 -0.0013785 -0.0041138 -0.0006742 -0.0057911 -0.0024658 -0.0018657 -0.0032280 -0.0014272
0.0007738 0.0006478 0.0008856 -0.0012116 -0.0030365 -0.0000539 -0.0030453 -0.0004238 -0.0019370 -0.0040543 -0.0026312 -0.0030320 -0.0031110 -0.0032033 -0.0021553 -0.0010728 0.0041154 -0.0038038 1.0091531 -0.0005645 0.0003196 -0.0014840 -0.0011183 -0.0026655 -0.0005916 -0.0023421 0.0004544 -0.0028612 0.0005840 0.0006070 -0.0034146 0.0010185 0.0000530 -0.0018799 0.0044776 0.0020454 -0.0020791 -0.0025042 -0.0025212 -0.0039418 -0.0000594 -0.0029730 -0.0021627 -0.0020398 -0.0045417 0.0008936 -0.0021092 0.0001323 -0.0037630 0.0002299 -0.0022947 -0.0033346 -0.0025131 -0.0025356 -0.0046836 -0.0013173 -0.0042841 -0.0016973 -0.0010939 0.0005288 0.0009913 -0.0044076 -0.0034820 -0.0009628 -0.0002002 0.0011726 -0.0037825 0.0016997 -0.0003214 -0.0030806 -0.0027284 -0.0036992 -0.0026034 -0.0020989 -0.0017715 -0.0019813 0.0016930 -0.0032486 -0.0033934 -0.0000707 -0.0020489 -0.0046049 -0.0013313 -0.0024549 -0.0047056 -0.0001499 -0.0017429 -0.0023540 -0.0002793 -0.0004890 0.0010419 -0.0025104 -0.0058334 -0.0011181 0.0005435 -0.0015231 -0.0016337 -0.0009157 0.0020216 0.0009126 -0.0039715 -0.0038053 -0.0027630 -0.0025511 -0.0010433 -0.0014351 -0.0005080 -0.0002788 -0.0025595 -0.0032247 -0.0015580 -0.0005930 -0.0031546 -0.0005227 -0.0008966 -0.0028479 0.0003912 -0.0007042 0.0007328 0.0000342 0.0018096 0.0017310 -0.0037359 -0.0000891 0.0002511 -0.0049146 -0.0023523 -0.0027189 -0.0043399 -0.0025452 -0.0025442 -0.0038886
-0.0019761 -0.0011854 -0.0024725 -0.0016736 -0.0029133 -0.0028577 -0.0022688 -0.0014479 -0.0007971 -0.0011417 -0.0056403 -0.0016746 0.0014708 -0.0025589 -0.0005661 -0.0018373 -0.0025133 -0.0016158 -0.0005645 1.0075035 -0.0013794 -0.0050335 -0.0037501 -0.0006756 -0.0002458 -0.0002781 0.0020248 0.0011964 -0.0012282 -0.0023073 -0.0014596 0.0001054 -0.0027949 -0.0040580 -0.0008376 -0.0016125 -0.0023095 -0.0028247 -0.0043934 0.0008427 0.0007323 -0.0015996 0.0001234 -0.0008994 -0.0009921 -0.0023958 -0.0009723 -0.0015023 -0.0007547 -0.0016761 -0.0031106 -0.0026889 -0.0010788 -0.0019207 -0.0003382 -0.0005737 -0.0024296 -0.0037702 -0.0026383 -0.0000505 -0.0020083 -0.0015584 -0.0028030 -0.0033612 -0.0036507 -0.0029870 -0.0002007 -0.0014643 -0.0012826 -0.0013621 -0.0007375 -0.0022416 -0.0022239 -0.0039469 -0.0021518 0.0001748 -0.0037824 -0.0024661 -0.0009268 -0.0028920 -0.0007812 -0.0045940 -0.0012817 -0.0015164 -0.0010781 -0.0027248 -0.0015318 -0.0015564 -0.0017194 -0.0016344 -0.0008474 -0.0015101 -0.0018666 -0.0019562 -0.0010928 -0.0009302 -0.0023083 -0.0016242 -0.0001698 -0.0019416 -0.0032659 -0.0038899 0.0012253 -0.0010350 -0.0023937 -0.0007208 -0.0027656 -0.0015302 -0.0010081 -0.0030965 -0.0006679 -0.0003117 -0.0014759 -0.0022975 -0.0013581 -0.0030085 -0.0042110 -0.0019790 -0.0013895 -0.0027793 -0.0010503 -0.0002907 -0.0036100 -0.0003964 0.0009291 -0.0042194 -0.0016537 -0.0040597 -0.0017438 -0.0017147 -0.0030436 -0.0014080
0.0004161 -0.0004156 -0.0007563 -0.0021021 -0.0017944 0.0005540 -0.0008740 -0.0007755 -0.0014111 -0.0028157 -0.0038627 -0.0009963 -0.0008885 0.0007750 -0.0020198 -0.0007646 -0.0008187 -0.0024614 0.0003196 -0.0013794 1.0061486 -0.0013400 -0.0020924 -0.0007489 -0.0010639 -0.0008992 0.0026134 -0.0027267 0.0001360 -0.0015487 -0.0029092 -0.0001360 0.0007895 -0.0020791 0.0001189 -0.0008289 0.0003557 -0.0018524 -0.0014932 -0.0022001 0.0011226 -0.0000657 -0.0012280 -0.0007969 -0.0021451 0.0010109 -0.0015354 0.0004538 -0.0023948 0.0011209 0.0004332 -0.0025792 -0.0026490 -0.0036108 -0.0003719 -0.0013861 -0.0025235 -0.0007020 -0.0001813 -0.0010624 -0.0002961 -0.0034156 -0.0039726 -0.0019778 0.0005956 0.0016118 -0.0008230 0.0006256 -0.0001556 -0.0017249 0.0005015 -0.0008258 -0.0020918 -0.0021072 -0.0020447 -0.0005381 -0.0023927 -0.0007201 -0.0002308 -0.0003082 -0.0023143 -0.0010759 -0.0004354 -0.0016984 -0.0031476 -0.0000857 -0.0005792 -0.0003924 -0.0003499 -0.0012475 -0.0012256 0.0008420 -0.0021581 0.0011272 0.0009233 -0.0024478 0.0012431 -0.0019063 0.0002741 0.0006276 -0.0023523 -0.0029729 -0.0014049 -0.0007539 -0.0027900 -0.0011473 0.0002243 0.0003062 -0.0022039 0.0006829 -0.0012535 -0.0005465 -0.0011111 0.0003490 -0.0026318 0.0002190 -0.0003338 -0.0010879 -0.0024290 -0.0022711 0.0004944 0.0000929 -0.0023361 0.0000869 0.0005599 -0.0014611 -0.0036257 -0.0014392 -0.0031617 -0.0017128 -0.0012294 -0.0029145
-0.0005520 -0.0020828 -0.0015426 -0.0009630 0.0085578 0.0001842 -0.0029309 -0.0011621 -0.0038058 -0.0033597 0.0044687 -0.0028622 -0.0036064 -0.0019813 -0.0034868 -0.0014692 -0.0044303 -0.0051590 -0.0014840 -0.0050335 -0.0013400 1.0154288 -0.0029503 -0.0033370 0.0009588 -0.0039647 -0.0019889 -0.0034094 -0.0017139 -0.0006969 -0.0036142 -0.0004704 0.0001735 -0.0043444 -0.0014760 -0.0036242 -0.0043143 -0.0034725 -0.0025348 -0.0012486 0.0014735 0.0031089 -0.0018543 -0.0020242 -0.0035240 -0.0021898 -0.0004117 -0.0012231 0.0018773 -0.0024355 -0.0028634 0.0092380 -0.0047466 -0.0028177 -0.0042204 -0.0039818 -0.0035926 0.0030530 -0.0017704 0.0000761 0.0020854 0.0028685 -0.0020186 0.0116582 -0.0015503 -0.0022426 -0.0011544 0.0000160 -0.0014368 -0.0029081 -0.0015911 -0.0039038 -0.0020223 -0.0028365 -0.0012927 -0.0040641 0.0007570 -0.0030809 -0.0038388 0.0020315 -0.0042731 -0.0022159 -0.0052105 -0.0061209 -0.0049802 -0.0034027 -0.0004996 0.0084772 -0.0034271 -0.0019263 -0.0021270 -0.0029634 0.0089282 -0.0007662 -0.0002432 -0.0030735 -0.0008986 -0.0007908 -0.0000035 -0.0016275 -0.0048076 0.0056629 -0.0035503 -0.0022370 -0.0054331 -0.0036952 -0.0019066 -0.0001539 -0.0045898 -0.0037822 -0.0019264 -0.0002955 -0.0020173 -0.0011504 -0.0050558 -0.0037805 0.0040676 -0.0026769 -0.0028162 -0.0030302 -0.0027501 -0.0021488 -0.0027466 -0.0031615 -0.0017144 -0.0016906 -0.0026793 0.0032102 -0.0034214 -0.0045931 0.0025522 -0.0037373
-0.0025130 -0.0014298 -0.0016711 0.0008256 -0.0024852 -0.0011892 -0.0056571 -0.0011568 0.0010785 -0.0011832 -0.0036495 -0.0035153 -0.0004602 -0.0000352 -0.0015769 -0.0028812 -0.0000926 -0.0018845 -0.0011183 -0.0037501 -0.0020924 -0.0029503 1.0176876 -0.0025914 -0.0026154 -0.0033533 -0.0009741 0.0003159 0.0006666 -0.0029086 0.0001581 -0.0017885 -0.0023653 -0.0012019 -0.0031819 -0.0007198 -0.0025241 -0.0038624 -0.0015073 0.0003775 -0.0016651 -0.0007685 -0.0023952 -0.0024672 -0.0039773 -0.0023994 -0.0021330 -0.0036993 -0.0005833 -0.0018994 0.0003814 -0.0000943 -0.0034773 -0.0031112 -0.0000554 -0.0021733 -0.0024463 -0.0022666 -0.0014088 -0.0035412 -0.0001977 -0.0038342 -0.0005572 -0.0028124 -0.0033416 -0.0040609 -0.0029744 -0.0014729 -0.0026382 -0.0009670 -0.0024533 -0.0058038 -0.0032224 -0.0037611 -0.0018001 0.0001114 -0.0032776 -0.0004037 -0.0036908 -0.0020878 -0.0007863 -0.0030502 -0.0006578 0.0003184 -0.0001334 -0.0001028 -0.0001877 -0.0022233 -0.0020637 -0.0047869 -0.0035814 -0.0002680 0.0008782 -0.0029071 -0.0028787 -0.0023622 -0.0020300 -0.0015147 -0.0021432 -0.0022626 -0.0014327 -0.0008084 -0.0024823 -0.0019905 0.0004165 -0.0040719 0.0001469 -0.0024360 -0.0052140 -0.0017169 -0.0006906 -0.0010472 -0.0036005 -0.0008857 -0.0008083 -0.0001127 -0.0043114 -0.0033581 -0.0009320 -0.0022413 -0.0039887 -0.0018577 -0.0003247 -0.0021436 -0.0013132 -0.0021391 -0.0007951 -0.0014616 -0.0007509 -0.0044327 -0.0020671 -0.0019428
-0.0020624 -0.0041491 -0.0021564 -0.0040941 -0.0035608 -0.0026953 -0.0026643 -0.0012073 -0.0015660 -0.0014587 -0.0039264 0.1004022 -0.0003288 0.0008252 -0.0016989 -0.0052291 -0.0036520 -0.0035595 -0.0026655 -0.0006756 -0.0007489 -0.0033370 -0.0025914 1.0090371 -0.0007012 -0.0024006 -0.0033321 -0.0010358 -0.0026499 -0.0015500 -0.0035339 -0.0026704 -0.0038090 -0.0009659 -0.0025650 -0.0032073 -0.0035307 -0.0031323 -0.0010049 -0.0042190 -0.0043662 -0.0035817 -0.0039780 -0.0023695 -0.0028316 -0.0031198 -0.0009002 -0.0026302 0.0002592 -0.0046799 0.0000074 -0.0045895 -0.0024736 -0.0034491 -0.0035902 -0.0048670 -0.0024236 -0.0036033 -0.0036004 -0.0069906 -0.0037071 -0.0045039 -0.0044309 -0.0041821 -0.0043415 -0.0029443 -0.0034704 -0.0039881 -0.0026670 -0.0055360 -0.0003421 -0.0026105 -0.0034331 -0.0027915 -0.0034159 -0.0014269 -0.0048748 -0.0028971 -0.0012033 -0.0028938 -0.0005668 -0.0040245 -0.0019940 -0.0033233 -0.0052443 -0.0027884 -0.0022038 -0.0016191 -0.0033867 -0.0044556 -0.0033583 -0.0006150 -0.0015758 -0.0020495 -0.0033975 -0.0066102 -0.0017419 -0.0015309 -0.0031610 -0.0000156 -0.0040867 -0.0053409 -0.0015409 -0.0016653 -0.0026128 0.0000324 -0.0028189 -0.0006818 -0.0028861 -0.0013314 -0.0009697 -0.0007922 -0.0032922 -0.0038444 0.0001921 -0.0014886 -0.0038908 -0.0040039 -0.0012696 -0.0009133 -0.0015490 -0.0013196 -0.0023133 -0.0042820 -0.0015825 -0.0042636 -0.0055883 -0.0023876 -0.0008523 -0.0001163 -0.0026459 -0.0009499
-0.0023684 -0.0002989 -0.0019307 -0.0020588 0.0002787 -0.0009313 -0.0033904 0.0010262 -0.0021078 -0.0001657 0.0005214 -0.0006869 -0.0029508 -0.0028013 -0.0029150 -0.0021899 -0.0045302 -0.0023589 -0.0005916 -0.0002458 -0.0010639 0.0009588 -0.0026154 -0.0007012 1.0089200 -0.0007007 0.0004138 -0.0018704 -0.0014781 -0.0012675 -0.0040556 -0.0025119 -0.0032133 -0.0020677 -0.0010109 -0.0025458 -0.0004087 -0.0029316 0.0013511 -0.0033147 -0.0033675 0.0017323 -0.0017079 -0.0027550 -0.0050756 -0.0012540 -0.0011454 -0.0006659 -0.0010267 0.0007602 -0.0011917 -0.0001271 -0.0018879 -0.0033275 -0.0043729 -0.0044539 0.0016146 -0.0024079 -0.0008610 -0.0012062 -0.0013184 -0.0002993 0.0003415 -0.0006213 -0.0005918 -0.0005088 -0.0037211 -0.0016436 0.0000311 -0.0017974 -0.0010088 -0.0036931 -0.0015885 -0.0036618 -0.0014973 0.0004514 -0.0014962 -0.0024352 -0.0034720 -0.0002413 0.0001736 -0.0045963 -0.0023915 -0.0039794 0.0000828 -0.0015341 -0.0014483 0.0000034 -0.0010956 0.0010578 0.0003435 -0.0013931 -0.0003790 -0.0002391 -0.0005624 -0.0044068 -0.0001508 -0.0010089 0.0011325 -0.0005761 -0.0038437 -0.0031892 -0.0046274 -0.0041076 -0.0028068 -0.0033971 -0.0001647 -0.0027835 -0.0040549 -0.0013729 0.0023539 -0.0001683 -0.0009522 -0.0014102 -0.0031111 -0.0017732 0.0005375 -0.0006540 -0.0032227 -0.0017531 -0.0002795 0.0004436 -0.0006241 -0.0005355 -0.0019561 -0.0011895 -0.0016091 -0.0014405 -0.0028871 -0.0051043 0.0014226 -0.0045443
-0.0011298 -0.0031712 -0.0021276 -0.0012839 -0.0034920 -0.0027690 -0.0027655 -0.0024441 -0.0012810 -0.0018955 -0.0022305 -0.0026520 -0.0031410 -0.0002782 0.0013142 -0.0016041 -0.0012581 0.0008754 -0.0023421 -0.0002781 -0.0008992 -0.0039647 -0.0033533 -0.0024006 -0.0007007 1.0141097 0.0006448 -0.0012483 -0.0008434 -0.0016449 0.0008978 -0.0026778 -0.0020982 -0.0023496 -0.0005117 -0.0015969 0.0006597 -0.0009310 -0.0026801 -0.0025723 -0.0019420 -0.0003926 -0.0023695 -0.0038562 -0.0033279 -0.0016472 -0.0013918 -0.0032672 -0.0025439 -0.0004580 -0.0004615 -0.0045254 0.0023306 -0.0013220 0.0017346 -0.0020034 -0.0031347 -0.0028448 0.0001857 -0.0014041 -0.0045110 -0.0030231 -0.0049581 -0.0049653 -0.0025894 -0.0034772 -0.0033066 -0.0027528 -0.0033624 -0.0028040 -0.0011599 -0.0031252 -0.0016570 -0.0025310 -0.0017503 -0.0018946 -0.0023744 0.0011066 -0.0018178 -0.0012265 -0.0017680 -0.0026260 -0.0019313 -0.0031391 -0.0018329 -0.0001242 -0.0020640 -0.0006201 -0.0008242 -0.0006816 -0.0014273 -0.0010095 -0.0017125 -0.0013326 0.0007645 -0.0031109 -0.0015879 -0.0020956 -0.0016186 -0.0027493 -0.0019540 -0.0028732 -0.0006940 -0.0020621 -0.0029053 -0.0052765 -0.0013357 -0.0035778 -0.0013064 -0.0005398 -0.0036821 -0.0022807 -0.0000663 -0.0009104 -0.0019053 -0.0020704 -0.0040976 -0.0015172 0.0012641 0.0031039 -0.0034999 -0.0015915 -0.0011116 -0.0035391 -0.0003547 -0.0021342 -0.0013236 -0.0038947 -0.0012697 -0.0039623 -0.0031258 -0.0042462
-0.0006100 -0.0023974 0.0013578 -0.0019802 -0.0035920 0.0000862 -0.0019487 0.0012598 -0.0043039 -0.0041028 -0.0025909 -0.0036328 -0.0009659 -0.0026685 -0.0017334 -0.0016762 -0.0023933 -0.0023863 0.0004544 0.0020248 0.0026134 -0.0019889 -0.0009741 -0.0033321 0.0004138 0.0006448 1.0035677 -0.0009674 -0.0007054 0.0001053 -0.0012369 -0.0004430 -0.0009231 -0.0001420 0.0000398 -0.0018850 -0.0021477 0.0001893 -0.0020385 -0.0009495 0.0007395 -0.0006662 -0.0011014 -0.0019007 -0.0025597 0.0006500 -0.0004438 -0.0011110 -0.0001591 -0.0012401 -0.0009895 -0.0014815 -0.0015795 -0.0015326 -0.0012474 -0.0001158 -0.0025176 -0.0001291 -0.0006712 0.0003926 0.0000247 -0.0016475 -0.0035938 -0.0031737 0.0018398 -0.0017710 -0.0025565 0.0000504 0.0003209 -0.0020451 -0.0018674 -0.0020853 -0.0015646 -0.0036521 -0.0027306 0.0012836 -0.0007007 -0.0012047 -0.0014836 -0.0009767 -0.0034975 -0.0011700 -0.0038469 -0.0022328 -0.0030059 -0.0012847 -0.0030738 -0.0007172 -0.0000342 -0.0005325 -0.0015394 -0.0011149 -0.0046486 0.0007511 -0.0030097 -0.0002856 -0.0003819 -0.0013736 -0.0000198 0.0001405 -0.0022523 -0.0011629 -0.0016008 -0.0039958 -0.0014896 -0.0012825 -0.0003063 -0.0009413 -0.0044820 -0.0009671 -0.0016905 0.0006618 -0.0026629 0.0006489 -0.0004636 -0.0019066 -0.0005364 0.0005221 -0.0021515 -0.0031804 0.0004809 0.0004388 -0.0018345 0.0013519 -0.0009960 0.0001513 -0.0025562 -0.0006126 -0.0028393 -0.0034108 -0.0009092 -0.0024457
